# Blender v2.71 (sub 0) OBJ File: ''
# www.blender.org
mtllib gem.mtl
o Gem
v 0.000000 -0.800000 0.000000
v 0.000000 0.350000 0.000000
v 0.000000 -0.400000 -0.541196
v 0.382683 0.000000 -0.923880
v 0.000000 0.175000 -0.865914
v 0.229610 0.350000 -0.554328
v 0.382683 -0.400000 -0.382683
v 0.923880 0.000000 -0.382683
v 0.612293 0.175000 -0.612293
v 0.554328 0.350000 -0.229610
v 0.541196 -0.400000 -0.000000
v 0.923880 0.000000 0.382683
v 0.865914 0.175000 -0.000000
v 0.554328 0.350000 0.229610
v 0.382683 -0.400000 0.382683
v 0.382683 0.000000 0.923880
v 0.612293 0.175000 0.612293
v 0.229610 0.350000 0.554328
v 0.000000 -0.400000 0.541196
v -0.382683 0.000000 0.923880
v 0.000000 0.175000 0.865914
v -0.229610 0.350000 0.554328
v -0.382683 -0.400000 0.382683
v -0.923880 0.000000 0.382683
v -0.612293 0.175000 0.612293
v -0.554328 0.350000 0.229610
v -0.541196 -0.400000 0.000000
v -0.923880 0.000000 -0.382683
v -0.865914 0.175000 0.000000
v -0.554328 0.350000 -0.229610
v -0.382683 -0.400000 -0.382683
v -0.382683 0.000000 -0.923880
v -0.612293 0.175000 -0.612293
v -0.229610 0.350000 -0.554328
usemtl None
s off
f 1 3 4
f 7 4 8
f 8 4 9
f 9 4 5
f 9 6 10
f 1 7 8
f 11 8 12
f 12 8 13
f 13 8 9
f 13 10 14
f 1 11 12
f 15 12 16
f 16 12 17
f 17 12 13
f 17 14 18
f 1 15 16
f 19 16 20
f 20 16 21
f 21 16 17
f 21 18 22
f 1 19 20
f 23 20 24
f 24 20 25
f 25 20 21
f 25 22 26
f 1 23 24
f 27 24 28
f 28 24 29
f 29 24 25
f 29 26 30
f 1 27 28
f 31 28 32
f 32 28 33
f 33 28 29
f 33 30 34
f 1 31 32
f 3 32 4
f 4 32 5
f 5 32 33
f 5 34 6
f 6 2 34
f 2 6 10
f 2 10 14
f 2 14 18
f 2 18 22
f 2 22 26
f 2 26 30
f 2 30 34
f 7 1 4
f 6 9 5
f 11 1 8
f 10 13 9
f 15 1 12
f 14 17 13
f 19 1 16
f 18 21 17
f 23 1 20
f 22 25 21
f 27 1 24
f 26 29 25
f 31 1 28
f 30 33 29
f 3 1 32
f 34 5 33
