####
#
#	OBJ File Generated by LightWave3D
#	LightWave3D OBJ Export v2.3
#
####
o hand_.obj
mtllib hand_.mtl
g default
v 15.8033 5.15965 -0.225037
v 15.9095 6.54136 -0.449655
v 17.2033 6.44851 -0.312145
v 17.2033 5.35771 -0.312145
v 15.2683 5.15936 -1.11887
v 15.4983 6.41736 -1.12701
v 17.2358 6.29388 -1.13062
v 17.2358 5.20308 -1.13062
v 16.032 4.32315 -0.418244
v 16.8257 4.37777 -0.418244
v 17.0134 4.385 -1.02452
v 15.7483 4.385 -1.02452
v 14.9717 5.73567 -0.149314
v 14.7268 5.85277 -0.472004
v 14.7993 6.34865 -0.54411
v 15.0442 6.27942 -0.125676
v 14.3226 6.74479 0.201102
v 14.2722 6.68223 -0.0750364
v 14.5157 6.89126 -0.0865634
v 14.6839 6.7502 0.129575
v 16.7078 6.00138 -0.460244
v 15.4526 5.78426 -0.358594
v 15.9246 6.00895 -0.406999
v 17.5478 5.95189 -0.721383
v 17.2156 6.156 -0.472956
v 16.6646 4.7924 -0.392209
v 16.6646 5.20308 -0.175733
v 17.5478 6.29388 -0.721383
v 16.2997 5.95189 -1.26703
v 17.2358 5.95189 -1.13062
v 17.0839 4.7924 -0.721383
v 17.5478 5.20308 -0.721383
v 16.5262 4.35992 -0.312145
v 17.0958 4.26714 -0.721383
v 16.2997 4.76147 -1.14333
v 16.3453 4.32899 -1.13062
v 15.5093 4.76147 -0.721383
v 15.5592 4.35992 -0.721383
v 16.2997 5.20308 -1.26703
v 16.2997 6.69591 -1.26703
v 14.9482 5.87461 -0.888273
v 15.3147 5.9403 -1.17234
v 15.2567 6.28016 -0.47181
v 15.4848 6.65428 -0.65899
v 15.5477 4.76147 -1.00692
v 15.1751 5.1313 -0.403956
v 15.333 5.00566 -0.642027
v 15.9419 4.76147 -0.466771
v 16.9868 4.94702 -0.466771
v 17.0193 4.76147 -1.00692
v 15.4015 5.28741 -0.167421
v 14.7411 6.51791 0.146558
v 15.0558 6.00798 -0.0817342
v 15.4859 6.00216 -0.434787
v 14.9768 5.31652 -0.750231
v 14.6116 6.21497 -0.0578081
v 14.8292 5.7395 -0.250769
v 15.0612 6.4333 -0.80112
v 14.4972 6.51354 -0.288403
v 14.6983 6.00454 -0.577796
v 14.7703 6.72074 -0.13191
v 14.9418 6.4645 -0.34691
v 14.6332 6.25589 0.0900556
v 14.2879 6.9354 0.159823
v 14.5529 6.79637 0.236552
v 14.7881 6.77884 0.0464473
v 14.546 6.30049 -0.188293
v 14.2014 6.7773 0.152111
v 14.6051 6.77556 -0.279773
v 14.3041 6.78087 -0.133342
v 14.6118 7.00334 0.0521622
v 16.2791 4.34153 -0.365195
v 16.3187 4.76147 -0.398565
v 16.2339 5.18137 -0.200385
v 16.3162 5.99588 -0.374864
v 16.2252 6.63409 -0.297231
v 16.7678 6.49489 -1.19883
v 16.7678 5.95189 -1.19883
v 16.7678 5.20308 -1.19883
v 16.7678 4.76147 -1.07513
v 16.6794 4.357 -1.07757
v 17.3918 6.29388 -0.926002
v 17.3918 5.95189 -0.926002
v 17.3918 5.20308 -0.926002
v 17.0516 4.77694 -0.864152
v 17.0546 4.32607 -0.872953
v 17.4683 6.29388 -0.485839
v 17.4683 5.95189 -0.485839
v 17.4683 5.20308 -0.485839
v 17.0199 4.7924 -0.563152
v 17.0535 4.29515 -0.538888
v 17.2199 8.16239 -0.158584
v 17.6163 7.98961 -0.129067
v 17.6356 8.06002 -0.411785
v 17.2392 8.2328 -0.441302
v 17.5814 7.4023 -0.404137
v 17.6039 7.43668 -0.722423
v 17.1489 7.44204 -0.807334
v 17.1723 7.57299 -0.754318
v 17.1548 7.43876 -0.465638
v 17.1472 7.53878 -0.400252
v 17.4359 8.23608 -0.42707
v 17.3881 7.50483 -0.738371
v 17.3712 7.33473 -0.44948
v 17.3643 7.47054 -0.402194
v 17.4166 8.16567 -0.144352
v 17.6076 7.61914 -0.348462
v 17.6551 7.79825 -0.556115
v 17.4061 7.86053 -0.572846
v 17.3937 7.68198 -0.347147
v 17.1933 7.92333 -0.586612
v 17.1803 7.74469 -0.345713
v 17.5494 7.96457 -0.540543
v 17.5596 8.17769 -0.441843
v 17.4284 8.1755 -0.451331
v 17.4471 8.00089 -0.547052
v 17.2973 8.17331 -0.460819
v 17.2663 7.99602 -0.558818
v 17.5698 7.8488 -0.527274
v 17.58 8.18671 -0.415687
v 17.4295 8.1842 -0.426575
v 17.279 8.18169 -0.437463
v 17.2439 7.94494 -0.548625
v 17.4067 7.89691 -0.538094
v 16.6888 8.59222 -0.183433
v 17.1293 8.43674 -0.183433
v 17.1225 8.51375 -0.488432
v 16.6821 8.66924 -0.488432
v 17.1341 7.93752 -0.454028
v 17.1308 7.97603 -0.797683
v 16.6552 8.08964 -0.797683
v 16.6586 8.05113 -0.415372
v 16.8939 8.68777 -0.488432
v 16.893 8.03283 -0.797683
v 16.8963 7.99432 -0.4347
v 16.9006 8.61075 -0.183433
v 17.131 8.03775 -0.420421
v 17.1167 8.28479 -0.639035
v 16.8819 8.32396 -0.641147
v 16.897 8.089 -0.402045
v 16.6805 8.36571 -0.642963
v 16.6635 8.14014 -0.383576
v 17.0093 8.42163 -0.624545
v 17.0298 8.63443 -0.514229
v 16.8886 8.62208 -0.514229
v 16.9121 8.44703 -0.62568
v 16.7474 8.60972 -0.514229
v 16.7449 8.43186 -0.623755
v 17.0368 8.32137 -0.6051
v 17.053 8.6457 -0.487664
v 16.891 8.63152 -0.487664
v 16.729 8.61735 -0.487664
v 16.7284 8.38531 -0.60817
v 16.8825 8.35338 -0.60678
v 16.1101 8.91812 -0.229897
v 16.5241 8.77771 -0.236287
v 16.5061 8.85017 -0.56519
v 16.0921 8.99058 -0.5588
v 16.5502 8.2077 -0.521589
v 16.5365 8.23564 -0.891687
v 16.0925 8.32651 -0.884146
v 16.1071 8.30024 -0.472461
v 16.2859 9.02747 -0.562974
v 16.3145 8.28108 -0.887916
v 16.3286 8.25398 -0.497025
v 16.3039 8.95501 -0.234071
v 16.3527 7.64312 -0.626015
v 16.5654 7.58112 -1.04108
v 16.5424 8.32109 -0.48656
v 16.546 8.61643 -0.719405
v 16.292 8.64381 -0.716276
v 16.3247 8.36139 -0.463025
v 16.0736 8.67629 -0.714406
v 16.1074 8.40161 -0.4394
v 16.4209 8.75987 -0.714144
v 16.4133 8.97702 -0.592635
v 16.2841 8.95243 -0.589852
v 16.3151 8.78135 -0.714025
v 16.1549 8.92784 -0.587069
v 16.1375 8.75321 -0.704055
v 16.4582 8.65055 -0.685603
v 16.4347 8.99256 -0.564624
v 16.2865 8.96434 -0.56143
v 16.1382 8.93612 -0.558236
v 16.1237 8.70031 -0.683034
v 16.2908 8.67546 -0.684464
v 17.3698 6.57528 -0.485839
v 17.4354 6.52176 -0.721383
v 17.299 6.59739 -0.926002
v 16.8566 6.52582 -0.243939
v 16.9617 6.07869 -0.4666
v 16.9339 5.28039 -0.243939
v 16.8411 4.85425 -0.398565
v 16.6959 4.35885 -0.365195
v 17.0018 6.39439 -1.16472
v 17.0018 5.95189 -1.16472
v 17.0018 5.20308 -1.16472
v 17.0018 4.76147 -1.04102
v 16.8464 4.37099 -1.05105
v 16.8176 6.95019 -0.557786
v 17.0325 6.87003 -0.537812
v 17.1625 6.67302 -0.94507
v 17.0659 6.77317 -0.991543
v 16.773 6.98985 -1.02962
v 16.3676 6.61861 -0.236482
v 16.512 5.99863 -0.417554
v 16.4492 5.19223 -0.188059
v 16.5071 4.76147 -0.302611
v 16.4026 4.35073 -0.33867
v 16.5338 6.5954 -1.23293
v 16.5338 5.95189 -1.23293
v 16.5338 5.20308 -1.23293
v 16.5338 4.76147 -1.10923
v 16.5124 4.34299 -1.1041
v 16.3988 7.0458 -0.642788
v 16.6027 7.03034 -0.57776
v 16.7312 7.01937 -1.04318
v 16.4167 6.64565 -1.24998
v 16.4167 5.95189 -1.24998
v 16.4167 5.20308 -1.24998
v 16.4167 4.76147 -1.12628
v 16.4288 4.33599 -1.11736
v 16.4938 7.09598 -1.09944
v 16.5099 6.60313 -0.175733
v 17.5817 7.23399 -0.775018
v 17.3653 7.33801 -0.791176
v 17.5567 7.19978 -0.420952
v 15.5366 8.85128 -0.219897
v 15.9506 8.71087 -0.226287
v 15.9326 8.78332 -0.55519
v 15.5186 8.92373 -0.5488
v 15.9767 8.14086 -0.511589
v 15.963 8.1688 -0.881687
v 15.519 8.25966 -0.874146
v 15.5336 8.23339 -0.462461
v 15.7124 8.96062 -0.552974
v 15.741 8.21423 -0.877916
v 15.7551 8.18712 -0.487025
v 15.7304 8.88816 -0.224071
v 15.9689 8.25424 -0.47656
v 15.9725 8.54958 -0.709405
v 15.7185 8.57696 -0.706276
v 15.7512 8.29454 -0.453025
v 15.5001 8.60944 -0.704406
v 15.5339 8.33476 -0.4294
v 15.8474 8.69302 -0.704144
v 15.8398 8.91017 -0.582635
v 15.7106 8.88558 -0.579852
v 15.7416 8.7145 -0.704025
v 15.5814 8.86098 -0.577069
v 15.564 8.68637 -0.694055
v 15.8847 8.5837 -0.675603
v 15.8612 8.9257 -0.554624
v 15.713 8.89748 -0.55143
v 15.5647 8.86927 -0.548236
v 15.5502 8.63346 -0.673034
v 15.7173 8.60861 -0.674464
v 15.5477 7.12311 -1.13062
v 15.5093 7.12311 -0.721383
v 16.195 7.06126 -0.707816
v 15.9419 7.12311 -0.652322
v 15.8527 6.60302 -1.19702
v 15.8072 5.9461 -1.21969
v 15.784 5.18122 -1.19295
v 15.9237 4.76147 -1.07513
v 16.0468 4.357 -1.07757
v 15.6862 7.125 -1.13219
v 16.2267 7.15162 -1.08428
v 14.4707 6.5472 -0.280873
v 14.6204 6.74341 -0.253168
v 14.4341 6.43136 -0.171665
v 14.4665 6.40614 -0.0228485
v 14.5379 6.41034 0.0755788
v 14.7511 6.77204 -0.109874
v 14.707 6.56714 0.121555
v 14.806 6.76452 0.0180112
v 14.6204 6.74341 -0.253168
v 14.5157 6.89126 -0.0865634
v 14.3241 6.76087 -0.133342
v 14.4707 6.5472 -0.280873
v 14.2722 6.68223 -0.0750364
v 14.4341 6.43136 -0.171665
v 14.6204 6.74341 -0.253168
v 14.5157 6.89126 -0.0865634
v 14.3241 6.76087 -0.133342
v 14.4707 6.5472 -0.280873
v 14.2022 6.74223 -0.0150364
v 14.4341 6.43136 -0.171665
v 16.3505 7.78072 -1.02533
v 16.5778 7.69245 -1.02871
v 16.5924 7.66618 -0.617024
v 16.3651 7.75445 -0.613645
v 16.1378 7.81272 -0.610266
v 16.1232 7.83899 -1.02195
v 15.732 7.71887 -1.02533
v 16.0211 7.6306 -1.02871
v 15.5665 7.74344 -1.02195
v 15.5393 7.7681 -0.610266
v 15.7466 7.6926 -0.613645
v 15.9739 7.60433 -0.617024
v 16.8627 7.51674 -0.569997
v 16.6315 7.64705 -0.554997
v 16.7024 7.64845 -0.937309
v 16.847 7.55525 -0.939939
v 17.0881 7.45993 -0.939939
v 17.1039 7.42142 -0.569997
vt 3 0
vn -0.218198 0.194495 0.956327
vn -0.821197 0.105812 0.560748
vn -0.418632 0.504597 0.755069
vn -0.221745 0.253602 0.94155
vn -0.418632 0.504597 0.755069
vn -0.821197 0.105812 0.560748
vn -0.676534 0.139482 -0.723082
vn -0.488481 0.428691 -0.760007
vn -0.353203 -0.249727 0.901601
vn -0.817824 -0.492805 0.297165
vn -0.929042 -0.286381 0.234236
vn -0.384857 0.0404249 0.922091
vn -0.929042 -0.286381 0.234236
vn -0.817824 -0.492805 0.297165
vn -0.551699 -0.378414 -0.743257
vn -0.519856 -0.238198 -0.820373
vn -0.581186 -0.77259 0.255591
vn -0.622313 -0.383943 -0.68214
vn -0.551699 -0.378414 -0.743257
vn -0.817824 -0.492805 0.297165
vn -0.123346 -0.358417 0.925377
vn -0.581186 -0.77259 0.255591
vn -0.817824 -0.492805 0.297165
vn -0.353203 -0.249727 0.901601
vn -0.00553309 0.153402 0.988148
vn 0.161046 0.133473 0.97788
vn -0.149788 -0.399343 0.904483
vn -0.123346 -0.358417 0.925377
vn -0.149788 -0.399343 0.904483
vn 0.161046 0.133473 0.97788
vn 0.384694 -0.0484761 0.92177
vn -0.239239 -0.41261 0.87893
vn 0.331514 0.374851 0.865786
vn 0.786851 0.404021 0.466511
vn 0.384694 -0.0484761 0.92177
vn 0.161046 0.133473 0.97788
vn -0.00553309 0.153402 0.988148
vn -0.221745 0.253602 0.94155
vn 0.331514 0.374851 0.865786
vn 0.161046 0.133473 0.97788
vn -0.123346 -0.358417 0.925377
vn -0.149788 -0.399343 0.904483
vn -0.593911 -0.722797 0.353317
vn -0.581186 -0.77259 0.255591
vn -0.593911 -0.722797 0.353317
vn -0.887084 -0.413051 -0.206085
vn -0.622313 -0.383943 -0.68214
vn -0.581186 -0.77259 0.255591
vn -0.70061 -0.540432 0.465918
vn -0.913938 -0.405853 -5.98398e-005
vn -0.887084 -0.413051 -0.206085
vn -0.593911 -0.722797 0.353317
vn -0.149788 -0.399343 0.904483
vn -0.239239 -0.41261 0.87893
vn -0.70061 -0.540432 0.465918
vn -0.593911 -0.722797 0.353317
vn -0.887084 -0.413051 -0.206085
vn -0.802506 0.0453831 -0.594915
vn -0.456695 0.0698138 -0.88688
vn -0.622313 -0.383943 -0.68214
vn -0.503723 0.749587 -0.429397
vn -0.488481 0.428691 -0.760007
vn -0.456695 0.0698138 -0.88688
vn -0.802506 0.0453831 -0.594915
vn -0.861467 -0.0331246 -0.506732
vn -0.38805 0.595933 -0.703051
vn -0.503723 0.749587 -0.429397
vn -0.802506 0.0453831 -0.594915
vn -0.861467 -0.0331246 -0.506732
vn -0.802506 0.0453831 -0.594915
vn -0.887084 -0.413051 -0.206085
vn -0.913938 -0.405853 -5.98398e-005
vn 0.331514 0.374851 0.865786
vn 0.124882 0.873496 0.470542
vn 0.485211 0.854132 -0.187158
vn 0.786851 0.404021 0.466511
vn 0.485211 0.854132 -0.187158
vn 0.124882 0.873496 0.470542
vn -0.503723 0.749587 -0.429397
vn -0.38805 0.595933 -0.703051
vn 0.124882 0.873496 0.470542
vn -0.418632 0.504597 0.755069
vn -0.488481 0.428691 -0.760007
vn -0.503723 0.749587 -0.429397
vn -0.221745 0.253602 0.94155
vn -0.418632 0.504597 0.755069
vn 0.124882 0.873496 0.470542
vn 0.331514 0.374851 0.865786
vn 0.384694 -0.0484761 0.92177
vn -0.149469 0.0661401 0.986552
vn -0.399796 -0.319803 0.859005
vn -0.239239 -0.41261 0.87893
vn 0.786851 0.404021 0.466511
vn 0.805876 0.579645 -0.120728
vn -0.149469 0.0661401 0.986552
vn 0.384694 -0.0484761 0.92177
vn -0.70061 -0.540432 0.465918
vn -0.751363 -0.54358 0.374131
vn -0.862962 -0.480521 -0.156196
vn -0.913938 -0.405853 -5.98398e-005
vn -0.399796 -0.319803 0.859005
vn -0.751363 -0.54358 0.374131
vn -0.70061 -0.540432 0.465918
vn -0.239239 -0.41261 0.87893
vn -0.862962 -0.480521 -0.156196
vn -0.635017 -0.0889683 -0.767357
vn -0.861467 -0.0331246 -0.506732
vn -0.913938 -0.405853 -5.98398e-005
vn -0.635017 -0.0889683 -0.767357
vn -0.388204 0.511102 -0.766858
vn -0.38805 0.595933 -0.703051
vn -0.861467 -0.0331246 -0.506732
vn -0.388204 0.511102 -0.766858
vn 0.625936 0.761422 -0.168645
vn 0.485211 0.854132 -0.187158
vn -0.38805 0.595933 -0.703051
vn 0.485211 0.854132 -0.187158
vn 0.625936 0.761422 -0.168645
vn 0.805876 0.579645 -0.120728
vn 0.786851 0.404021 0.466511
vn -0.33914 -0.316168 0.886014
vn 0.265756 0.259171 0.92855
vn -0.404237 0.91178 0.0724626
vn -0.901973 -0.220863 0.371032
vn -0.404237 0.91178 0.0724626
vn -0.382741 0.559115 -0.735459
vn -0.974902 -0.0691411 -0.211627
vn -0.901973 -0.220863 0.371032
vn -0.404237 0.91178 0.0724626
vn 0.147968 0.962528 -0.227258
vn 0.108034 0.632504 -0.766986
vn -0.382741 0.559115 -0.735459
vn 0.430323 0.80873 0.400971
vn 0.147968 0.962528 -0.227258
vn -0.404237 0.91178 0.0724626
vn 0.265756 0.259171 0.92855
vn -0.225411 -0.17609 0.958218
vn -0.353203 -0.249727 0.901601
vn -0.384857 0.0404249 0.922091
vn -0.336045 0.106038 0.935858
vn -0.0130503 -0.127741 0.991722
vn -0.123346 -0.358417 0.925377
vn -0.353203 -0.249727 0.901601
vn -0.225411 -0.17609 0.958218
vn -0.0904929 0.0263395 0.995549
vn -0.00553309 0.153402 0.988148
vn -0.123346 -0.358417 0.925377
vn -0.0130503 -0.127741 0.991722
vn -0.321201 0.26927 0.907923
vn -0.221745 0.253602 0.94155
vn -0.00553309 0.153402 0.988148
vn -0.0904929 0.0263395 0.995549
vn -0.226664 0.362134 0.904148
vn -0.218198 0.194495 0.956327
vn -0.221745 0.253602 0.94155
vn -0.321201 0.26927 0.907923
vn 0.969352 0.202638 -0.138902
vn 0.699325 0.123704 -0.704018
vn 0.554779 0.197106 -0.808313
vn 0.982262 0.144231 -0.11983
vn 0.699325 0.123704 -0.704018
vn 0.494204 0.127402 -0.85996
vn 0.312202 0.213449 -0.925726
vn 0.554779 0.197106 -0.808313
vn 0.986747 8.57029e-009 -0.162267
vn 0.795241 0 -0.606294
vn 0.699325 0.123704 -0.704018
vn 0.969352 0.202638 -0.138902
vn 0.795241 0 -0.606294
vn 0.50731 0 -0.861763
vn 0.494204 0.127402 -0.85996
vn 0.699325 0.123704 -0.704018
vn 0.892785 -0.422336 -0.15674
vn 0.749934 -0.332715 -0.571752
vn 0.795241 0 -0.606294
vn 0.986747 8.57029e-009 -0.162267
vn 0.749934 -0.332715 -0.571752
vn 0.478443 -0.254321 -0.840484
vn 0.50731 0 -0.861763
vn 0.795241 0 -0.606294
vn 0.922807 -0.384454 -0.0249274
vn 0.864998 -0.331559 -0.376626
vn 0.749934 -0.332715 -0.571752
vn 0.892785 -0.422336 -0.15674
vn 0.864998 -0.331559 -0.376626
vn 0.756357 -0.256259 -0.601877
vn 0.478443 -0.254321 -0.840484
vn 0.749934 -0.332715 -0.571752
vn 0.995404 0.053953 0.0791166
vn 0.97483 0.0164662 -0.222342
vn 0.864998 -0.331559 -0.376626
vn 0.922807 -0.384454 -0.0249274
vn 0.97483 0.0164662 -0.222342
vn 0.939604 0.00916281 -0.342142
vn 0.756357 -0.256259 -0.601877
vn 0.864998 -0.331559 -0.376626
vn 0.259492 0.07805 0.962586
vn 0.763183 0.127622 0.633454
vn 0.656608 0.172811 0.734168
vn 0.0697975 0.321726 0.944257
vn 0.763183 0.127622 0.633454
vn 0.969352 0.202638 -0.138902
vn 0.982262 0.144231 -0.11983
vn 0.656608 0.172811 0.734168
vn 0.138377 -0.112788 0.983936
vn 0.69675 -0.076274 0.713248
vn 0.763183 0.127622 0.633454
vn 0.259492 0.07805 0.962586
vn 0.69675 -0.076274 0.713248
vn 0.986747 8.57029e-009 -0.162267
vn 0.969352 0.202638 -0.138902
vn 0.763183 0.127622 0.633454
vn 0.202402 -0.104273 0.973735
vn 0.630721 -0.308453 0.712073
vn 0.69675 -0.076274 0.713248
vn 0.138377 -0.112788 0.983936
vn 0.630721 -0.308453 0.712073
vn 0.892785 -0.422336 -0.15674
vn 0.986747 8.57029e-009 -0.162267
vn 0.69675 -0.076274 0.713248
vn 0.489866 -0.288292 0.822751
vn 0.743569 -0.365356 0.560018
vn 0.630721 -0.308453 0.712073
vn 0.202402 -0.104273 0.973735
vn 0.743569 -0.365356 0.560018
vn 0.922807 -0.384454 -0.0249274
vn 0.892785 -0.422336 -0.15674
vn 0.630721 -0.308453 0.712073
vn 0.652804 -0.131672 0.745995
vn 0.877772 -0.0502253 0.476438
vn 0.743569 -0.365356 0.560018
vn 0.489866 -0.288292 0.822751
vn 0.877772 -0.0502253 0.476438
vn 0.995404 0.053953 0.0791166
vn 0.922807 -0.384454 -0.0249274
vn 0.743569 -0.365356 0.560018
vn 0.554779 0.197106 -0.808313
vn 0.658296 0.110071 -0.744669
vn 0.940462 -0.148574 0.305707
vn 0.982262 0.144231 -0.11983
vn 0.0697975 0.321726 0.944257
vn -0.794194 -0.103479 0.598789
vn -0.617348 0.194999 -0.762139
vn 0.332911 0.272764 -0.902646
vn 0.554779 0.197106 -0.808313
vn 0.312202 0.213449 -0.925726
vn 0.163795 0.211523 -0.96355
vn 0.658296 0.110071 -0.744669
vn 0.312202 0.213449 -0.925726
vn 0.332911 0.272764 -0.902646
vn -0.617348 0.194999 -0.762139
vn 0.163795 0.211523 -0.96355
vn 0.940462 -0.148574 0.305707
vn 0.0871021 -0.223861 0.970721
vn 0.656608 0.172811 0.734168
vn 0.982262 0.144231 -0.11983
vn 0.0871021 -0.223861 0.970721
vn -0.794194 -0.103479 0.598789
vn 0.0697975 0.321726 0.944257
vn 0.656608 0.172811 0.734168
vn 0.781753 0.564235 0.265521
vn 0.324261 0.911817 0.251881
vn 0.146292 0.34288 0.927918
vn 0.751849 0.103585 0.651147
vn 0.324261 0.911817 0.251881
vn -0.221645 0.655087 -0.722312
vn -0.62872 0.399315 0.667277
vn 0.146292 0.34288 0.927918
vn 0.658296 0.110071 -0.744669
vn 0.791236 0.113906 -0.600808
vn 0.625591 -0.214218 0.750165
vn 0.940462 -0.148574 0.305707
vn 0.658296 0.110071 -0.744669
vn 0.163795 0.211523 -0.96355
vn 0.182766 0.325645 -0.927659
vn 0.791236 0.113906 -0.600808
vn 0.625591 -0.214218 0.750165
vn -0.139722 -0.219567 0.96554
vn 0.0871021 -0.223861 0.970721
vn 0.940462 -0.148574 0.305707
vn -0.76482 -0.190815 0.615338
vn -0.623847 0.265609 -0.735029
vn -0.617348 0.194999 -0.762139
vn -0.794194 -0.103479 0.598789
vn -0.139722 -0.219567 0.96554
vn -0.76482 -0.190815 0.615338
vn -0.794194 -0.103479 0.598789
vn 0.0871021 -0.223861 0.970721
vn 0.781753 0.564235 0.265521
vn 0.751849 0.103585 0.651147
vn 0.611664 -0.327396 0.720194
vn 0.659934 0.34142 -0.669268
vn 0.659934 0.34142 -0.669268
vn 0.611664 -0.327396 0.720194
vn 0.625591 -0.214218 0.750165
vn 0.791236 0.113906 -0.600808
vn 0.182766 0.325645 -0.927659
vn 0.220563 0.540213 -0.81211
vn 0.659934 0.34142 -0.669268
vn 0.791236 0.113906 -0.600808
vn 0.0902439 0.149384 -0.984652
vn 0.0704695 0.75032 -0.657308
vn 0.464914 0.602249 -0.648962
vn 0.450766 0.167406 -0.876804
vn 0.751849 0.103585 0.651147
vn 0.146292 0.34288 0.927918
vn -0.0962956 -0.343902 0.934055
vn 0.611664 -0.327396 0.720194
vn 0.611664 -0.327396 0.720194
vn -0.0962956 -0.343902 0.934055
vn -0.139722 -0.219567 0.96554
vn 0.625591 -0.214218 0.750165
vn -0.748907 -0.1409 0.647522
vn -0.62872 0.399315 0.667277
vn -0.221645 0.655087 -0.722312
vn -0.343725 0.516397 -0.784339
vn -0.76482 -0.190815 0.615338
vn -0.748907 -0.1409 0.647522
vn -0.343725 0.516397 -0.784339
vn -0.623847 0.265609 -0.735029
vn -0.623847 0.265609 -0.735029
vn -0.343725 0.516397 -0.784339
vn 0.220563 0.540213 -0.81211
vn 0.182766 0.325645 -0.927659
vn -0.188472 0.273472 -0.943235
vn -0.206673 0.699268 -0.684332
vn 0.0704695 0.75032 -0.657308
vn 0.0902439 0.149384 -0.984652
vn 0.146292 0.34288 0.927918
vn -0.62872 0.399315 0.667277
vn -0.748907 -0.1409 0.647522
vn -0.0962956 -0.343902 0.934055
vn -0.0962956 -0.343902 0.934055
vn -0.748907 -0.1409 0.647522
vn -0.76482 -0.190815 0.615338
vn -0.139722 -0.219567 0.96554
vn 0.464914 0.602249 -0.648962
vn 0.433684 0.818867 -0.375998
vn 0.319675 0.301889 -0.898149
vn 0.450766 0.167406 -0.876804
vn 0.433684 0.818867 -0.375998
vn 0.781753 0.564235 0.265521
vn 0.659934 0.34142 -0.669268
vn 0.319675 0.301889 -0.898149
vn 0.0704695 0.75032 -0.657308
vn 0.00849539 0.942247 -0.334811
vn 0.433684 0.818867 -0.375998
vn 0.464914 0.602249 -0.648962
vn 0.00849539 0.942247 -0.334811
vn 0.324261 0.911817 0.251881
vn 0.781753 0.564235 0.265521
vn 0.433684 0.818867 -0.375998
vn -0.206673 0.699268 -0.684332
vn -0.0149933 0.520201 -0.853912
vn 0.00849539 0.942247 -0.334811
vn 0.0704695 0.75032 -0.657308
vn -0.0149933 0.520201 -0.853912
vn -0.221645 0.655087 -0.722312
vn 0.324261 0.911817 0.251881
vn 0.00849539 0.942247 -0.334811
vn -0.188472 0.273472 -0.943235
vn 0.0540277 0.361677 -0.930737
vn -0.0149933 0.520201 -0.853912
vn -0.206673 0.699268 -0.684332
vn 0.0540277 0.361677 -0.930737
vn -0.343725 0.516397 -0.784339
vn -0.221645 0.655087 -0.722312
vn -0.0149933 0.520201 -0.853912
vn 0.0902439 0.149384 -0.984652
vn 0.163648 0.28415 -0.944711
vn 0.0540277 0.361677 -0.930737
vn -0.188472 0.273472 -0.943235
vn 0.163648 0.28415 -0.944711
vn 0.220563 0.540213 -0.81211
vn -0.343725 0.516397 -0.784339
vn 0.0540277 0.361677 -0.930737
vn 0.450766 0.167406 -0.876804
vn 0.319675 0.301889 -0.898149
vn 0.163648 0.28415 -0.944711
vn 0.0902439 0.149384 -0.984652
vn 0.319675 0.301889 -0.898149
vn 0.659934 0.34142 -0.669268
vn 0.220563 0.540213 -0.81211
vn 0.163648 0.28415 -0.944711
vn 0.332911 0.272764 -0.902646
vn 0.240529 0.214932 -0.946547
vn 0.0910808 0.18712 -0.978105
vn 0.741718 0.0562844 -0.668347
vn 0.667543 -0.115369 0.735579
vn -0.0813161 -0.0972166 0.991936
vn 0.0464962 0.357114 0.932903
vn 0.0697975 0.321726 0.944257
vn -0.0813161 -0.0972166 0.991936
vn -0.812377 -0.0422403 0.581601
vn -0.102496 0.392068 0.914209
vn 0.0464962 0.357114 0.932903
vn 0.0910808 0.18712 -0.978105
vn 0.120666 0.366491 -0.922564
vn 0.736832 0.238552 -0.632591
vn 0.741718 0.0562844 -0.668347
vn 0.701512 -0.194957 0.685473
vn -0.0430697 -0.28143 0.958615
vn -0.0813161 -0.0972166 0.991936
vn 0.667543 -0.115369 0.735579
vn -0.0430697 -0.28143 0.958615
vn -0.756062 -0.14034 0.639276
vn -0.812377 -0.0422403 0.581601
vn -0.0813161 -0.0972166 0.991936
vn -0.572583 0.182042 -0.799381
vn -0.611553 0.341673 -0.713626
vn 0.120666 0.366491 -0.922564
vn 0.0910808 0.18712 -0.978105
vn 0.120666 0.366491 -0.922564
vn 0.138862 0.617941 -0.773864
vn 0.566308 0.446102 -0.693029
vn 0.736832 0.238552 -0.632591
vn 0.0136735 0.126807 -0.991833
vn -0.0256267 0.76769 -0.640308
vn 0.376064 0.628432 -0.680918
vn 0.379121 0.161749 -0.911101
vn 0.833101 0.151545 0.531956
vn 0.188499 0.352774 0.916525
vn -0.0140276 -0.386608 0.922137
vn 0.714983 -0.281864 0.639806
vn 0.714983 -0.281864 0.639806
vn -0.0140276 -0.386608 0.922137
vn -0.0430697 -0.28143 0.958615
vn 0.701512 -0.194957 0.685473
vn -0.611553 0.341673 -0.713626
vn -0.397111 0.549044 -0.735427
vn 0.138862 0.617941 -0.773864
vn 0.120666 0.366491 -0.922564
vn -0.290256 0.227695 -0.929466
vn -0.314028 0.685881 -0.65647
vn -0.0256267 0.76769 -0.640308
vn 0.0136735 0.126807 -0.991833
vn 0.188499 0.352774 0.916525
vn -0.650483 0.35999 0.668789
vn -0.719384 -0.216332 0.660066
vn -0.0140276 -0.386608 0.922137
vn -0.0140276 -0.386608 0.922137
vn -0.719384 -0.216332 0.660066
vn -0.756062 -0.14034 0.639276
vn -0.0430697 -0.28143 0.958615
vn 0.376064 0.628432 -0.680918
vn 0.334776 0.847548 -0.411809
vn 0.236242 0.323239 -0.916355
vn 0.379121 0.161749 -0.911101
vn 0.334776 0.847548 -0.411809
vn 0.764693 0.632553 0.122968
vn 0.566308 0.446102 -0.693029
vn 0.236242 0.323239 -0.916355
vn -0.0256267 0.76769 -0.640308
vn -0.0822683 0.940322 -0.330193
vn 0.334776 0.847548 -0.411809
vn 0.376064 0.628432 -0.680918
vn -0.0822683 0.940322 -0.330193
vn 0.276479 0.932577 0.232076
vn 0.764693 0.632553 0.122968
vn 0.334776 0.847548 -0.411809
vn -0.314028 0.685881 -0.65647
vn -0.100561 0.531391 -0.841137
vn -0.0822683 0.940322 -0.330193
vn -0.0256267 0.76769 -0.640308
vn -0.100561 0.531391 -0.841137
vn -0.281922 0.631981 -0.721886
vn 0.276479 0.932577 0.232076
vn -0.0822683 0.940322 -0.330193
vn -0.290256 0.227695 -0.929466
vn -0.0198161 0.37698 -0.926009
vn -0.100561 0.531391 -0.841137
vn -0.314028 0.685881 -0.65647
vn -0.0198161 0.37698 -0.926009
vn -0.397111 0.549044 -0.735427
vn -0.281922 0.631981 -0.721886
vn -0.100561 0.531391 -0.841137
vn 0.0136735 0.126807 -0.991833
vn 0.0901522 0.292398 -0.952038
vn -0.0198161 0.37698 -0.926009
vn -0.290256 0.227695 -0.929466
vn 0.0901522 0.292398 -0.952038
vn 0.138862 0.617941 -0.773864
vn -0.397111 0.549044 -0.735427
vn -0.0198161 0.37698 -0.926009
vn 0.379121 0.161749 -0.911101
vn 0.236242 0.323239 -0.916355
vn 0.0901522 0.292398 -0.952038
vn 0.0136735 0.126807 -0.991833
vn 0.236242 0.323239 -0.916355
vn 0.566308 0.446102 -0.693029
vn 0.138862 0.617941 -0.773864
vn 0.0901522 0.292398 -0.952038
vn 0.215746 0.191614 -0.957464
vn 0.754256 0.142498 -0.640931
vn 0.594767 -0.00313765 0.803892
vn -0.102496 0.392068 0.914209
vn 0.215746 0.191614 -0.957464
vn 0.0816705 0.181298 -0.980031
vn 0.0360724 0.162974 -0.985971
vn 0.754256 0.142498 -0.640931
vn 0.594767 -0.00313765 0.803892
vn -0.179006 -0.103323 0.978408
vn -0.257495 0.366002 0.894281
vn -0.102496 0.392068 0.914209
vn -0.179006 -0.103323 0.978408
vn -0.774933 -0.163822 0.610443
vn -0.226664 0.362134 0.904148
vn -0.257495 0.366002 0.894281
vn 0.752734 0.632472 0.182678
vn 0.248174 0.948311 0.197779
vn 0.20287 0.372418 0.905621
vn 0.803278 0.187353 0.565371
vn 0.248174 0.948311 0.197779
vn -0.343091 0.633243 -0.693752
vn -0.627626 0.331111 0.704593
vn 0.20287 0.372418 0.905621
vn 0.754256 0.142498 -0.640931
vn 0.718744 0.245901 -0.650338
vn 0.720499 -0.143165 0.678517
vn 0.594767 -0.00313765 0.803892
vn 0.0360724 0.162974 -0.985971
vn 0.0698217 0.340741 -0.937561
vn 0.718744 0.245901 -0.650338
vn 0.754256 0.142498 -0.640931
vn 0.720499 -0.143165 0.678517
vn -0.00274261 -0.250545 0.968101
vn -0.179006 -0.103323 0.978408
vn 0.594767 -0.00313765 0.803892
vn -0.689361 -0.231677 0.686373
vn -0.703845 0.210335 -0.678499
vn -0.682614 0.0604227 -0.728277
vn -0.774933 -0.163822 0.610443
vn -0.00274261 -0.250545 0.968101
vn -0.689361 -0.231677 0.686373
vn -0.774933 -0.163822 0.610443
vn -0.179006 -0.103323 0.978408
vn -0.682614 0.0604227 -0.728277
vn -0.703845 0.210335 -0.678499
vn 0.0698217 0.340741 -0.937561
vn 0.0360724 0.162974 -0.985971
vn 0.752734 0.632472 0.182678
vn 0.803278 0.187353 0.565371
vn 0.706605 -0.24064 0.665434
vn 0.556521 0.43576 -0.707388
vn 0.556521 0.43576 -0.707388
vn 0.706605 -0.24064 0.665434
vn 0.720499 -0.143165 0.678517
vn 0.718744 0.245901 -0.650338
vn 0.0698217 0.340741 -0.937561
vn 0.0865875 0.572703 -0.815177
vn 0.556521 0.43576 -0.707388
vn 0.718744 0.245901 -0.650338
vn -0.0232861 0.118459 -0.992686
vn -0.105901 0.761877 -0.639006
vn 0.344541 0.673785 -0.653686
vn 0.396392 0.187787 -0.898671
vn 0.803278 0.187353 0.565371
vn 0.20287 0.372418 0.905621
vn 0.0323204 -0.359031 0.932766
vn 0.706605 -0.24064 0.665434
vn 0.706605 -0.24064 0.665434
vn 0.0323204 -0.359031 0.932766
vn -0.00274261 -0.250545 0.968101
vn 0.720499 -0.143165 0.678517
vn -0.66207 -0.252428 0.705651
vn -0.627626 0.331111 0.704593
vn -0.343091 0.633243 -0.693752
vn -0.450279 0.486997 -0.748387
vn -0.689361 -0.231677 0.686373
vn -0.66207 -0.252428 0.705651
vn -0.450279 0.486997 -0.748387
vn -0.703845 0.210335 -0.678499
vn -0.703845 0.210335 -0.678499
vn -0.450279 0.486997 -0.748387
vn 0.0865875 0.572703 -0.815177
vn 0.0698217 0.340741 -0.937561
vn -0.337185 0.250136 -0.9076
vn -0.373607 0.689306 -0.620705
vn -0.105901 0.761877 -0.639006
vn -0.0232861 0.118459 -0.992686
vn 0.20287 0.372418 0.905621
vn -0.627626 0.331111 0.704593
vn -0.66207 -0.252428 0.705651
vn 0.0323204 -0.359031 0.932766
vn 0.0323204 -0.359031 0.932766
vn -0.66207 -0.252428 0.705651
vn -0.689361 -0.231677 0.686373
vn -0.00274261 -0.250545 0.968101
vn 0.344541 0.673785 -0.653686
vn 0.31128 0.871763 -0.37833
vn 0.229035 0.309782 -0.92281
vn 0.396392 0.187787 -0.898671
vn 0.31128 0.871763 -0.37833
vn 0.752734 0.632472 0.182678
vn 0.556521 0.43576 -0.707388
vn 0.229035 0.309782 -0.92281
vn -0.105901 0.761877 -0.639006
vn -0.181344 0.911042 -0.370294
vn 0.31128 0.871763 -0.37833
vn 0.344541 0.673785 -0.653686
vn -0.181344 0.911042 -0.370294
vn 0.248174 0.948311 0.197779
vn 0.752734 0.632472 0.182678
vn 0.31128 0.871763 -0.37833
vn -0.373607 0.689306 -0.620705
vn -0.138644 0.530348 -0.836366
vn -0.181344 0.911042 -0.370294
vn -0.105901 0.761877 -0.639006
vn -0.138644 0.530348 -0.836366
vn -0.343091 0.633243 -0.693752
vn 0.248174 0.948311 0.197779
vn -0.181344 0.911042 -0.370294
vn -0.337185 0.250136 -0.9076
vn -0.0450308 0.364534 -0.930101
vn -0.138644 0.530348 -0.836366
vn -0.373607 0.689306 -0.620705
vn -0.0450308 0.364534 -0.930101
vn -0.450279 0.486997 -0.748387
vn -0.343091 0.633243 -0.693752
vn -0.138644 0.530348 -0.836366
vn -0.0232861 0.118459 -0.992686
vn 0.0451398 0.232065 -0.971652
vn -0.0450308 0.364534 -0.930101
vn -0.337185 0.250136 -0.9076
vn 0.0451398 0.232065 -0.971652
vn 0.0865875 0.572703 -0.815177
vn -0.450279 0.486997 -0.748387
vn -0.0450308 0.364534 -0.930101
vn 0.396392 0.187787 -0.898671
vn 0.229035 0.309782 -0.92281
vn 0.0451398 0.232065 -0.971652
vn -0.0232861 0.118459 -0.992686
vn 0.229035 0.309782 -0.92281
vn 0.556521 0.43576 -0.707388
vn 0.0865875 0.572703 -0.815177
vn 0.0451398 0.232065 -0.971652
vn -0.0941265 0.182173 0.978751
vn 0.146006 0.123793 0.981508
vn 0.0464962 0.357114 0.932903
vn -0.102496 0.392068 0.914209
vn 0.146006 0.123793 0.981508
vn 0.259492 0.07805 0.962586
vn 0.0697975 0.321726 0.944257
vn 0.0464962 0.357114 0.932903
vn -0.0512302 -0.0413674 0.99783
vn 0.00898443 -0.059659 0.998178
vn 0.146006 0.123793 0.981508
vn -0.0941265 0.182173 0.978751
vn 0.00898443 -0.059659 0.998178
vn 0.138377 -0.112788 0.983936
vn 0.259492 0.07805 0.962586
vn 0.146006 0.123793 0.981508
vn 0.112799 -0.0294639 0.993181
vn 0.145075 -0.0590874 0.987655
vn 0.00898443 -0.059659 0.998178
vn -0.0512302 -0.0413674 0.99783
vn 0.145075 -0.0590874 0.987655
vn 0.202402 -0.104273 0.973735
vn 0.138377 -0.112788 0.983936
vn 0.00898443 -0.059659 0.998178
vn 0.206575 -0.189561 0.959892
vn 0.289059 -0.18666 0.938937
vn 0.145075 -0.0590874 0.987655
vn 0.112799 -0.0294639 0.993181
vn 0.289059 -0.18666 0.938937
vn 0.489866 -0.288292 0.822751
vn 0.202402 -0.104273 0.973735
vn 0.145075 -0.0590874 0.987655
vn 0.256882 -0.00642558 0.966422
vn 0.224434 0.060447 0.972613
vn 0.289059 -0.18666 0.938937
vn 0.206575 -0.189561 0.959892
vn 0.224434 0.060447 0.972613
vn 0.652804 -0.131672 0.745995
vn 0.489866 -0.288292 0.822751
vn 0.289059 -0.18666 0.938937
vn 0.494204 0.127402 -0.85996
vn 0.361242 0.200391 -0.910685
vn 0.332911 0.272764 -0.902646
vn 0.312202 0.213449 -0.925726
vn 0.361242 0.200391 -0.910685
vn 0.287168 0.158252 -0.944717
vn 0.240529 0.214932 -0.946547
vn 0.332911 0.272764 -0.902646
vn 0.50731 0 -0.861763
vn 0.144214 0 -0.989547
vn 0.361242 0.200391 -0.910685
vn 0.494204 0.127402 -0.85996
vn 0.144214 0 -0.989547
vn 0.144214 0 -0.989547
vn 0.287168 0.158252 -0.944717
vn 0.361242 0.200391 -0.910685
vn 0.478443 -0.254321 -0.840484
vn 0.142567 -0.15068 -0.978249
vn 0.144214 0 -0.989547
vn 0.50731 0 -0.861763
vn 0.142567 -0.15068 -0.978249
vn 0.142898 -0.134787 -0.980516
vn 0.144214 0 -0.989547
vn 0.144214 0 -0.989547
vn 0.756357 -0.256259 -0.601877
vn 0.359996 -0.170629 -0.917218
vn 0.142567 -0.15068 -0.978249
vn 0.478443 -0.254321 -0.840484
vn 0.359996 -0.170629 -0.917218
vn 0.142604 -0.14902 -0.978497
vn 0.142898 -0.134787 -0.980516
vn 0.142567 -0.15068 -0.978249
vn 0.939604 0.00916281 -0.342142
vn 0.581383 -0.0138434 -0.813513
vn 0.359996 -0.170629 -0.917218
vn 0.756357 -0.256259 -0.601877
vn 0.581383 -0.0138434 -0.813513
vn 0.144155 -0.0287535 -0.989137
vn 0.142604 -0.14902 -0.978497
vn 0.359996 -0.170629 -0.917218
vn 0.741718 0.0562844 -0.668347
vn 0.736832 0.238552 -0.632591
vn 0.701512 -0.194957 0.685473
vn 0.667543 -0.115369 0.735579
vn 0.566308 0.446102 -0.693029
vn 0.714983 -0.281864 0.639806
vn 0.701512 -0.194957 0.685473
vn 0.736832 0.238552 -0.632591
vn 0.764693 0.632553 0.122968
vn 0.833101 0.151545 0.531956
vn 0.714983 -0.281864 0.639806
vn 0.566308 0.446102 -0.693029
vn 0.764693 0.632553 0.122968
vn 0.276479 0.932577 0.232076
vn 0.188499 0.352774 0.916525
vn 0.833101 0.151545 0.531956
vn 0.276479 0.932577 0.232076
vn -0.281922 0.631981 -0.721886
vn -0.650483 0.35999 0.668789
vn 0.188499 0.352774 0.916525
vn -0.719384 -0.216332 0.660066
vn -0.650483 0.35999 0.668789
vn -0.281922 0.631981 -0.721886
vn -0.397111 0.549044 -0.735427
vn -0.756062 -0.14034 0.639276
vn -0.719384 -0.216332 0.660066
vn -0.397111 0.549044 -0.735427
vn -0.611553 0.341673 -0.713626
vn -0.756062 -0.14034 0.639276
vn -0.611553 0.341673 -0.713626
vn -0.572583 0.182042 -0.799381
vn -0.812377 -0.0422403 0.581601
vn -0.321201 0.26927 0.907923
vn -0.331081 0.24475 0.911308
vn -0.257495 0.366002 0.894281
vn -0.226664 0.362134 0.904148
vn -0.331081 0.24475 0.911308
vn -0.0941265 0.182173 0.978751
vn -0.102496 0.392068 0.914209
vn -0.257495 0.366002 0.894281
vn -0.0904929 0.0263395 0.995549
vn -0.106761 -0.0190754 0.994102
vn -0.331081 0.24475 0.911308
vn -0.321201 0.26927 0.907923
vn -0.106761 -0.0190754 0.994102
vn -0.0512302 -0.0413674 0.99783
vn -0.0941265 0.182173 0.978751
vn -0.331081 0.24475 0.911308
vn -0.0130503 -0.127741 0.991722
vn 0.0889606 -0.0672518 0.993762
vn -0.106761 -0.0190754 0.994102
vn -0.0904929 0.0263395 0.995549
vn 0.0889606 -0.0672518 0.993762
vn 0.112799 -0.0294639 0.993181
vn -0.0512302 -0.0413674 0.99783
vn -0.106761 -0.0190754 0.994102
vn -0.225411 -0.17609 0.958218
vn -0.00236997 -0.213832 0.976868
vn 0.0889606 -0.0672518 0.993762
vn -0.0130503 -0.127741 0.991722
vn -0.00236997 -0.213832 0.976868
vn 0.206575 -0.189561 0.959892
vn 0.112799 -0.0294639 0.993181
vn 0.0889606 -0.0672518 0.993762
vn -0.336045 0.106038 0.935858
vn 0.0366611 -0.0528388 0.99793
vn -0.00236997 -0.213832 0.976868
vn -0.225411 -0.17609 0.958218
vn 0.0366611 -0.0528388 0.99793
vn 0.256882 -0.00642558 0.966422
vn 0.206575 -0.189561 0.959892
vn -0.00236997 -0.213832 0.976868
vn 0.287168 0.158252 -0.944717
vn 0.271044 0.140182 -0.952305
vn 0.215746 0.191614 -0.957464
vn 0.240529 0.214932 -0.946547
vn 0.144214 0 -0.989547
vn 0.144213 0 -0.989547
vn 0.271044 0.140182 -0.952305
vn 0.287168 0.158252 -0.944717
vn 0.142898 -0.134787 -0.980516
vn 0.142897 -0.134787 -0.980517
vn 0.144213 0 -0.989547
vn 0.144214 0 -0.989547
vn 0.142604 -0.14902 -0.978497
vn 0.142669 -0.145937 -0.978953
vn 0.142897 -0.134787 -0.980517
vn 0.142898 -0.134787 -0.980516
vn 0.144155 -0.0287535 -0.989137
vn 0.144176 -0.0225199 -0.989296
vn 0.142669 -0.145937 -0.978953
vn 0.142604 -0.14902 -0.978497
vn 0.271044 0.140182 -0.952305
vn 0.153433 0.148292 -0.976969
vn 0.0816705 0.181298 -0.980031
vn 0.215746 0.191614 -0.957464
vn 0.153433 0.148292 -0.976969
vn 0.0164541 0.17775 -0.983938
vn 0.0138093 0.287372 -0.95772
vn 0.0816705 0.181298 -0.980031
vn 0.144213 0 -0.989547
vn 0.144215 0 -0.989547
vn 0.153433 0.148292 -0.976969
vn 0.271044 0.140182 -0.952305
vn 0.144215 0 -0.989547
vn 0.00960064 0 -0.999954
vn 0.0164541 0.17775 -0.983938
vn 0.153433 0.148292 -0.976969
vn 0.142897 -0.134787 -0.980517
vn 0.142899 -0.134787 -0.980516
vn 0.144215 0 -0.989547
vn 0.144213 0 -0.989547
vn 0.142899 -0.134787 -0.980516
vn 0.0156766 -0.136026 -0.990581
vn 0.00960064 0 -0.999954
vn 0.144215 0 -0.989547
vn 0.142669 -0.145937 -0.978953
vn 0.142717 -0.143739 -0.979271
vn 0.142899 -0.134787 -0.980516
vn 0.142897 -0.134787 -0.980517
vn 0.142717 -0.143739 -0.979271
vn -0.00534487 -0.152538 -0.988283
vn 0.0156766 -0.136026 -0.990581
vn 0.142899 -0.134787 -0.980516
vn 0.144176 -0.0225199 -0.989296
vn 0.144191 -0.0180793 -0.989385
vn 0.142717 -0.143739 -0.979271
vn 0.142669 -0.145937 -0.978953
vn 0.144191 -0.0180793 -0.989385
vn -0.017267 -0.0325977 -0.999319
vn -0.00534487 -0.152538 -0.988283
vn 0.142717 -0.143739 -0.979271
vn -0.617348 0.194999 -0.762139
vn -0.623847 0.265609 -0.735029
vn 0.182766 0.325645 -0.927659
vn 0.163795 0.211523 -0.96355
vn 0.0138093 0.287372 -0.95772
vn 0.741074 0.264205 -0.617256
vn 0.676608 0.0148109 0.736195
vn -0.226664 0.362134 0.904148
vn -0.821197 0.105812 0.560748
vn -0.774774 -0.108421 0.622873
vn -0.671791 0.176815 -0.719329
vn -0.676534 0.139482 -0.723082
vn 0.0138093 0.287372 -0.95772
vn 0.0209876 0.201972 -0.979166
vn 0.0318676 0.215066 -0.976079
vn 0.741074 0.264205 -0.617256
vn 0.0209876 0.201972 -0.979166
vn -0.676534 0.139482 -0.723082
vn -0.671791 0.176815 -0.719329
vn 0.0318676 0.215066 -0.976079
vn 0.676608 0.0148109 0.736195
vn -0.0244757 -0.16252 0.986402
vn -0.218198 0.194495 0.956327
vn -0.226664 0.362134 0.904148
vn 0.752731 0.632475 0.182677
vn 0.248176 0.948311 0.197776
vn 0.202873 0.37242 0.905619
vn 0.803278 0.187354 0.565369
vn 0.248176 0.948311 0.197776
vn -0.343092 0.633241 -0.693753
vn -0.627623 0.331112 0.704595
vn 0.202873 0.37242 0.905619
vn 0.741074 0.264205 -0.617256
vn 0.7453 0.22529 -0.627513
vn 0.689788 -0.181238 0.70096
vn 0.676608 0.0148109 0.736195
vn 0.0318676 0.215066 -0.976079
vn 0.0589662 0.349825 -0.934957
vn 0.7453 0.22529 -0.627513
vn 0.741074 0.264205 -0.617256
vn 0.689788 -0.181238 0.70096
vn -0.0115446 -0.258277 0.966002
vn -0.0244757 -0.16252 0.986402
vn 0.676608 0.0148109 0.736195
vn -0.715306 -0.214065 0.665217
vn -0.687984 0.23725 -0.68585
vn -0.671791 0.176815 -0.719329
vn -0.774774 -0.108421 0.622873
vn -0.0115446 -0.258277 0.966002
vn -0.715306 -0.214065 0.665217
vn -0.774774 -0.108421 0.622873
vn -0.0244757 -0.16252 0.986402
vn -0.671791 0.176815 -0.719329
vn -0.687984 0.23725 -0.68585
vn 0.0589662 0.349825 -0.934957
vn 0.0318676 0.215066 -0.976079
vn 0.752731 0.632475 0.182677
vn 0.803278 0.187354 0.565369
vn 0.706605 -0.240642 0.665432
vn 0.55652 0.435767 -0.707384
vn 0.55652 0.435767 -0.707384
vn 0.706605 -0.240642 0.665432
vn 0.689788 -0.181238 0.70096
vn 0.7453 0.22529 -0.627513
vn 0.0589662 0.349825 -0.934957
vn 0.0865874 0.572709 -0.815173
vn 0.55652 0.435767 -0.707384
vn 0.7453 0.22529 -0.627513
vn -0.0232856 0.11846 -0.992686
vn -0.105905 0.761886 -0.638994
vn 0.344535 0.673801 -0.653673
vn 0.396388 0.187786 -0.898673
vn 0.803278 0.187354 0.565369
vn 0.202873 0.37242 0.905619
vn 0.0323219 -0.359031 0.932766
vn 0.706605 -0.240642 0.665432
vn 0.706605 -0.240642 0.665432
vn 0.0323219 -0.359031 0.932766
vn -0.0115446 -0.258277 0.966002
vn 0.689788 -0.181238 0.70096
vn -0.66207 -0.252427 0.705651
vn -0.627623 0.331112 0.704595
vn -0.343092 0.633241 -0.693753
vn -0.450281 0.486997 -0.748386
vn -0.715306 -0.214065 0.665217
vn -0.66207 -0.252427 0.705651
vn -0.450281 0.486997 -0.748386
vn -0.687984 0.23725 -0.68585
vn -0.687984 0.23725 -0.68585
vn -0.450281 0.486997 -0.748386
vn 0.0865874 0.572709 -0.815173
vn 0.0589662 0.349825 -0.934957
vn -0.337163 0.250149 -0.907605
vn -0.373586 0.68931 -0.620714
vn -0.105905 0.761886 -0.638994
vn -0.0232856 0.11846 -0.992686
vn 0.202873 0.37242 0.905619
vn -0.627623 0.331112 0.704595
vn -0.66207 -0.252427 0.705651
vn 0.0323219 -0.359031 0.932766
vn 0.0323219 -0.359031 0.932766
vn -0.66207 -0.252427 0.705651
vn -0.715306 -0.214065 0.665217
vn -0.0115446 -0.258277 0.966002
vn 0.344535 0.673801 -0.653673
vn 0.311264 0.871781 -0.378302
vn 0.229032 0.309789 -0.922808
vn 0.396388 0.187786 -0.898673
vn 0.311264 0.871781 -0.378302
vn 0.752731 0.632475 0.182677
vn 0.55652 0.435767 -0.707384
vn 0.229032 0.309789 -0.922808
vn -0.105905 0.761886 -0.638994
vn -0.181352 0.911051 -0.370267
vn 0.311264 0.871781 -0.378302
vn 0.344535 0.673801 -0.653673
vn -0.181352 0.911051 -0.370267
vn 0.248176 0.948311 0.197776
vn 0.752731 0.632475 0.182677
vn 0.311264 0.871781 -0.378302
vn -0.373586 0.68931 -0.620714
vn -0.138631 0.530349 -0.836368
vn -0.181352 0.911051 -0.370267
vn -0.105905 0.761886 -0.638994
vn -0.138631 0.530349 -0.836368
vn -0.343092 0.633241 -0.693753
vn 0.248176 0.948311 0.197776
vn -0.181352 0.911051 -0.370267
vn -0.337163 0.250149 -0.907605
vn -0.0450201 0.36454 -0.930099
vn -0.138631 0.530349 -0.836368
vn -0.373586 0.68931 -0.620714
vn -0.0450201 0.36454 -0.930099
vn -0.450281 0.486997 -0.748386
vn -0.343092 0.633241 -0.693753
vn -0.138631 0.530349 -0.836368
vn -0.0232856 0.11846 -0.992686
vn 0.0451407 0.232073 -0.97165
vn -0.0450201 0.36454 -0.930099
vn -0.337163 0.250149 -0.907605
vn 0.0451407 0.232073 -0.97165
vn 0.0865874 0.572709 -0.815173
vn -0.450281 0.486997 -0.748386
vn -0.0450201 0.36454 -0.930099
vn 0.396388 0.187786 -0.898673
vn 0.229032 0.309789 -0.922808
vn 0.0451407 0.232073 -0.97165
vn -0.0232856 0.11846 -0.992686
vn 0.229032 0.309789 -0.922808
vn 0.55652 0.435767 -0.707384
vn 0.0865874 0.572709 -0.815173
vn 0.0451407 0.232073 -0.97165
vn 0.0164541 0.17775 -0.983938
vn -0.0820971 0.139462 -0.986818
vn 0.0209876 0.201972 -0.979166
vn 0.0138093 0.287372 -0.95772
vn -0.0820971 0.139462 -0.986818
vn -0.488481 0.428691 -0.760007
vn -0.676534 0.139482 -0.723082
vn 0.0209876 0.201972 -0.979166
vn 0.00960064 0 -0.999954
vn -0.14119 0.00421386 -0.989973
vn -0.0820971 0.139462 -0.986818
vn 0.0164541 0.17775 -0.983938
vn -0.14119 0.00421386 -0.989973
vn -0.456695 0.0698138 -0.88688
vn -0.488481 0.428691 -0.760007
vn -0.0820971 0.139462 -0.986818
vn 0.0156766 -0.136026 -0.990581
vn -0.110956 -0.152819 -0.982006
vn -0.14119 0.00421386 -0.989973
vn 0.00960064 0 -0.999954
vn -0.110956 -0.152819 -0.982006
vn -0.622313 -0.383943 -0.68214
vn -0.456695 0.0698138 -0.88688
vn -0.14119 0.00421386 -0.989973
vn -0.00534487 -0.152538 -0.988283
vn -0.152458 -0.168663 -0.973812
vn -0.110956 -0.152819 -0.982006
vn 0.0156766 -0.136026 -0.990581
vn -0.152458 -0.168663 -0.973812
vn -0.551699 -0.378414 -0.743257
vn -0.622313 -0.383943 -0.68214
vn -0.110956 -0.152819 -0.982006
vn -0.017267 -0.0325977 -0.999319
vn -0.178272 -0.0479965 -0.98281
vn -0.152458 -0.168663 -0.973812
vn -0.00534487 -0.152538 -0.988283
vn -0.178272 -0.0479965 -0.98281
vn -0.519856 -0.238198 -0.820373
vn -0.551699 -0.378414 -0.743257
vn -0.152458 -0.168663 -0.973812
vn -0.721698 0.141043 -0.677686
vn -0.714541 0.382621 -0.58569
vn -0.489233 0.476528 -0.73046
vn -0.489233 0.476528 -0.73046
vn -0.231074 0.733191 -0.639559
vn -0.388204 0.511102 -0.766858
vn -0.635017 -0.0889683 -0.767357
vn -0.367995 -0.142933 -0.918776
vn -0.831926 -0.21833 -0.510129
vn -0.496566 -0.473109 0.72773
vn -0.714541 0.382621 -0.58569
vn -0.721698 0.141043 -0.677686
vn -0.367995 -0.142933 -0.918776
vn -0.635017 -0.0889683 -0.767357
vn -0.862962 -0.480521 -0.156196
vn -0.795706 -0.577061 -0.183987
vn -0.761108 -0.574499 0.301107
vn -0.901973 -0.220863 0.371032
vn -0.974902 -0.0691411 -0.211627
vn -0.795706 -0.577061 -0.183987
vn -0.795706 -0.577061 -0.183987
vn -0.862962 -0.480521 -0.156196
vn -0.751363 -0.54358 0.374131
vn -0.761108 -0.574499 0.301107
vn -0.761108 -0.574499 0.301107
vn -0.751363 -0.54358 0.374131
vn -0.399796 -0.319803 0.859005
vn -0.480257 -0.340056 0.808527
vn -0.480257 -0.340056 0.808527
vn -0.33914 -0.316168 0.886014
vn -0.901973 -0.220863 0.371032
vn -0.761108 -0.574499 0.301107
vn -0.231074 0.733191 -0.639559
vn 0.108034 0.632504 -0.766986
vn 0.147968 0.962528 -0.227258
vn 0.214965 0.973896 -0.0729183
vn 0.214965 0.973896 -0.0729183
vn 0.625936 0.761422 -0.168645
vn -0.388204 0.511102 -0.766858
vn -0.231074 0.733191 -0.639559
vn -0.480257 -0.340056 0.808527
vn -0.399796 -0.319803 0.859005
vn -0.149469 0.0661401 0.986552
vn -0.24828 0.0114133 0.968621
vn -0.24828 0.0114133 0.968621
vn 0.265756 0.259171 0.92855
vn -0.33914 -0.316168 0.886014
vn -0.480257 -0.340056 0.808527
vn -0.24828 0.0114133 0.968621
vn -0.149469 0.0661401 0.986552
vn 0.805876 0.579645 -0.120728
vn 0.359131 0.932439 -0.0397836
vn 0.359131 0.932439 -0.0397836
vn 0.430323 0.80873 0.400971
vn 0.265756 0.259171 0.92855
vn -0.24828 0.0114133 0.968621
vn 0.359131 0.932439 -0.0397836
vn 0.805876 0.579645 -0.120728
vn 0.625936 0.761422 -0.168645
vn 0.214965 0.973896 -0.0729183
vn 0.214965 0.973896 -0.0729183
vn 0.147968 0.962528 -0.227258
vn 0.430323 0.80873 0.400971
vn 0.359131 0.932439 -0.0397836
vn 0.142333 0.142336 -0.979531
vn 0.108034 0.632504 -0.766986
vn -0.231074 0.733191 -0.639559
vn -0.382741 0.559115 -0.735459
vn 0.108034 0.632504 -0.766986
vn 0.142333 0.142336 -0.979531
vn 0.92487 0.248807 -0.287594
vn -0.231074 0.733191 -0.639559
vn -0.367995 -0.142933 -0.918776
vn -0.974902 -0.0691411 -0.211627
vn -0.382741 0.559115 -0.735459
vn 0.92487 0.248807 -0.287594
vn 0.687759 0.0809737 0.721409
vn -0.795706 -0.577061 -0.183987
vn -0.974902 -0.0691411 -0.211627
vn 0.687759 0.0809737 0.721409
vn -0.367995 -0.142933 -0.918776
vn -0.795706 -0.577061 -0.183987
vn -0.489233 0.476528 -0.73046
vn 0.142333 0.142336 -0.979531
vn -0.489233 0.476528 -0.73046
vn 0.92487 0.248807 -0.287594
vn 0.142333 0.142336 -0.979531
vn -0.489233 0.476528 -0.73046
vn -0.714541 0.382621 -0.58569
vn -0.489233 0.476528 -0.73046
vn -0.721698 0.141043 -0.677686
vn 0.687759 0.0809737 0.721409
vn 0.92487 0.248807 -0.287594
vn -0.714541 0.382621 -0.58569
vn -0.496566 -0.473109 0.72773
vn 0.687759 0.0809737 0.721409
vn -0.496566 -0.473109 0.72773
vn -0.831926 -0.21833 -0.510129
vn -0.721698 0.141043 -0.677686
vn -0.831926 -0.21833 -0.510129
vn 0.332911 0.272764 -0.902646
vn 0.741718 0.0562844 -0.668347
vn 0.667543 -0.115369 0.735579
vn 0.0697975 0.321726 0.944257
vn -0.102496 0.392068 0.914209
vn -0.812377 -0.0422403 0.581601
vn -0.572583 0.182042 -0.799381
vn 0.215746 0.191614 -0.957464
vn 0.240529 0.214932 -0.946547
vn 0.215746 0.191614 -0.957464
vn -0.572583 0.182042 -0.799381
vn 0.0910808 0.18712 -0.978105
vn 0.0816705 0.181298 -0.980031
vn 0.0138093 0.287372 -0.95772
vn -0.682614 0.0604227 -0.728277
vn 0.0360724 0.162974 -0.985971
vn -0.226664 0.362134 0.904148
vn -0.774933 -0.163822 0.610443
vn -0.682614 0.0604227 -0.728277
vn 0.0138093 0.287372 -0.95772
vn -0.0244757 -0.16252 0.986402
vn -0.774774 -0.108421 0.622873
vn -0.821197 0.105812 0.560748
vn -0.218198 0.194495 0.956327
g Default
usemtl Default
s off
p 167
p 167
p 168
p 168
f 261//1 259//2 44//3 2//4
f 44//5 259//6 258//7 6//8
f 48//9 37//10 38//11 9//12
f 38//13 37//14 45//15 12//16
f 47//17 5//18 45//19 37//20
f 1//21 47//22 37//23 48//24
f 23//25 22//26 51//27 1//28
f 51//29 22//30 53//31 13//32
f 54//33 16//34 53//35 22//36
f 23//37 2//38 54//39 22//40
f 1//41 51//42 46//43 47//44
f 46//45 55//46 5//47 47//48
f 57//49 14//50 55//51 46//52
f 51//53 13//54 57//55 46//56
f 55//57 41//58 42//59 5//60
f 58//61 6//62 42//63 41//64
f 60//65 15//66 58//67 41//68
f 60//69 41//70 55//71 14//72
f 54//73 43//74 62//75 16//76
f 62//77 43//78 58//79 15//80
f 43//81 44//82 6//83 58//84
f 2//85 44//86 43//87 54//88
f 53//89 52//90 63//91 13//92
f 16//93 66//94 52//95 53//96
f 57//97 56//98 67//99 14//100
f 63//101 56//102 57//103 13//104
f 67//105 59//106 60//107 14//108
f 59//109 69//110 15//111 60//112
f 69//113 61//114 62//115 15//116
f 62//117 61//118 66//119 16//120
f 17//121 65//122 64//123 68//124
f 64//125 70//126 18//127 68//128
f 64//129 71//130 19//131 70//132
f 20//133 71//134 64//135 65//136
f 73//137 48//138 9//139 72//140
f 74//141 1//142 48//143 73//144
f 75//145 23//146 1//147 74//148
f 76//149 2//150 23//151 75//152
f 260//153 261//154 2//155 76//156
f 28//157 82//158 189//159 188//160
f 82//161 7//162 202//163 189//164
f 24//165 83//166 82//167 28//168
f 83//169 30//170 7//171 82//172
f 32//173 84//174 83//175 24//176
f 84//177 8//178 30//179 83//180
f 31//181 85//182 84//183 32//184
f 85//185 50//186 8//187 84//188
f 34//189 86//190 85//191 31//192
f 86//193 11//194 50//195 85//196
f 3//197 87//198 187//199 201//200
f 87//201 28//202 188//203 187//204
f 25//205 88//206 87//207 3//208
f 88//209 24//210 28//211 87//212
f 4//213 89//214 88//215 25//216
f 89//217 32//218 24//219 88//220
f 49//221 90//222 89//223 4//224
f 90//225 31//226 32//227 89//228
f 10//229 91//230 90//231 49//232
f 91//233 34//234 31//235 90//236
f 189//237 225//238 227//239 188//240
f 201//241 100//242 98//243 203//244
f 189//245 202//246 226//247 225//248
f 202//249 203//250 98//251 226//252
f 227//253 104//254 187//255 188//256
f 104//257 100//258 201//259 187//260
f 94//261 102//262 106//263 93//264
f 102//265 95//266 92//267 106//268
f 225//269 97//270 96//271 227//272
f 225//273 226//274 103//275 97//276
f 96//277 105//278 104//279 227//280
f 101//281 99//282 98//283 100//284
f 105//285 101//286 100//287 104//288
f 94//289 93//290 107//291 108//292
f 108//293 107//294 96//295 97//296
f 103//297 109//298 108//299 97//300
f 116//301 115//302 114//303 113//304
f 93//305 106//306 110//307 107//308
f 107//309 110//310 105//311 96//312
f 112//313 92//314 95//315 111//316
f 101//317 112//318 111//319 99//320
f 99//321 111//322 109//323 103//324
f 118//325 117//326 115//327 116//328
f 106//329 92//330 112//331 110//332
f 110//333 112//334 101//335 105//336
f 114//337 120//338 119//339 113//340
f 120//341 94//342 108//343 119//344
f 115//345 121//346 120//347 114//348
f 121//349 102//350 94//351 120//352
f 117//353 122//354 121//355 115//356
f 122//357 95//358 102//359 121//360
f 118//361 123//362 122//363 117//364
f 123//365 111//366 95//367 122//368
f 116//369 124//370 123//371 118//372
f 124//373 109//374 111//375 123//376
f 113//377 119//378 124//379 116//380
f 119//381 108//382 109//383 124//384
f 203//385 204//386 304//387 305//388
f 306//389 301//390 200//391 201//392
f 301//393 302//394 216//395 200//396
f 304//397 134//398 130//399 305//400
f 129//401 135//402 301//403 306//404
f 135//405 132//406 302//407 301//408
f 303//409 131//410 134//411 304//412
f 134//413 139//414 138//415 130//416
f 146//417 145//418 144//419 143//420
f 126//421 136//422 140//423 137//424
f 137//425 140//426 135//427 129//428
f 131//429 141//430 139//431 134//432
f 148//433 147//434 145//435 146//436
f 136//437 125//438 142//439 140//440
f 140//441 142//442 132//443 135//444
f 144//445 150//446 149//447 143//448
f 150//449 127//450 138//451 149//452
f 145//453 151//454 150//455 144//456
f 151//457 133//458 127//459 150//460
f 147//461 152//462 151//463 145//464
f 152//465 128//466 133//467 151//468
f 148//469 153//470 152//471 147//472
f 153//473 141//474 128//475 152//476
f 146//477 154//478 153//479 148//480
f 154//481 139//482 141//483 153//484
f 143//485 149//486 154//487 146//488
f 149//489 138//490 139//491 154//492
f 217//493 290//494 291//495 216//496
f 217//497 223//498 289//499 290//500
f 291//501 292//502 215//503 216//504
f 292//505 293//506 260//507 215//508
f 157//509 163//510 166//511 156//512
f 163//513 158//514 155//515 166//516
f 290//517 160//518 159//519 291//520
f 289//521 164//522 160//523 290//524
f 159//525 165//526 292//527 291//528
f 162//529 161//530 294//531 293//532
f 165//533 162//534 293//535 292//536
f 294//537 161//538 164//539 289//540
f 157//541 156//542 169//543 170//544
f 170//545 169//546 159//547 160//548
f 164//549 171//550 170//551 160//552
f 178//553 177//554 176//555 175//556
f 156//557 166//558 172//559 169//560
f 169//561 172//562 165//563 159//564
f 174//565 155//566 158//567 173//568
f 162//569 174//570 173//571 161//572
f 161//573 173//574 171//575 164//576
f 180//577 179//578 177//579 178//580
f 166//581 155//582 174//583 172//584
f 172//585 174//586 162//587 165//588
f 176//589 182//590 181//591 175//592
f 182//593 157//594 170//595 181//596
f 177//597 183//598 182//599 176//600
f 183//601 163//602 157//603 182//604
f 179//605 184//606 183//607 177//608
f 184//609 158//610 163//611 183//612
f 180//613 185//614 184//615 179//616
f 185//617 173//618 158//619 184//620
f 178//621 186//622 185//623 180//624
f 186//625 171//626 173//627 185//628
f 175//629 181//630 186//631 178//632
f 181//633 170//634 171//635 186//636
f 224//637 190//638 200//639 216//640
f 190//641 3//642 201//643 200//644
f 21//645 191//646 190//647 224//648
f 191//649 25//650 3//651 190//652
f 27//653 192//654 191//655 21//656
f 192//657 4//658 25//659 191//660
f 26//661 193//662 192//663 27//664
f 193//665 49//666 4//667 192//668
f 33//669 194//670 193//671 26//672
f 194//673 10//674 49//675 193//676
f 7//677 195//678 203//679 202//680
f 195//681 77//682 204//683 203//684
f 30//685 196//686 195//687 7//688
f 196//689 78//690 77//691 195//692
f 8//693 197//694 196//695 30//696
f 197//697 79//698 78//699 196//700
f 50//701 198//702 197//703 8//704
f 198//705 80//706 79//707 197//708
f 11//709 199//710 198//711 50//712
f 199//713 81//714 80//715 198//716
f 305//717 130//718 129//719 306//720
f 138//721 137//722 129//723 130//724
f 127//725 126//726 137//727 138//728
f 127//729 133//730 136//731 126//732
f 133//733 128//734 125//735 136//736
f 142//737 125//738 128//739 141//740
f 132//741 142//742 141//743 131//744
f 132//745 131//746 303//747 302//748
f 76//749 205//750 215//751 260//752
f 205//753 224//754 216//755 215//756
f 75//757 206//758 205//759 76//760
f 206//761 21//762 224//763 205//764
f 74//765 207//766 206//767 75//768
f 207//769 27//770 21//771 206//772
f 73//773 208//774 207//775 74//776
f 208//777 26//778 27//779 207//780
f 72//781 209//782 208//783 73//784
f 209//785 33//786 26//787 208//788
f 77//789 210//790 217//791 204//792
f 78//793 211//794 210//795 77//796
f 79//797 212//798 211//799 78//800
f 80//801 213//802 212//803 79//804
f 81//805 214//806 213//807 80//808
f 210//809 218//810 223//811 217//812
f 218//813 40//814 268//815 223//816
f 211//817 219//818 218//819 210//820
f 219//821 29//822 40//823 218//824
f 212//825 220//826 219//827 211//828
f 220//829 39//830 29//831 219//832
f 213//833 221//834 220//835 212//836
f 221//837 35//838 39//839 220//840
f 214//841 222//842 221//843 213//844
f 222//845 36//846 35//847 221//848
f 98//849 99//850 103//851 226//852
f 268//853 296//854 300//855 260//856
f 259//857 298//858 297//859 258//860
f 268//861 267//862 295//863 296//864
f 267//865 258//866 297//867 295//868
f 300//869 299//870 261//871 260//872
f 230//873 236//874 239//875 229//876
f 236//877 231//878 228//879 239//880
f 296//881 233//882 232//883 300//884
f 295//885 237//886 233//887 296//888
f 232//889 238//890 299//891 300//892
f 235//893 234//894 297//895 298//896
f 238//897 235//898 298//899 299//900
f 297//901 234//902 237//903 295//904
f 230//905 229//906 240//907 241//908
f 241//909 240//910 232//911 233//912
f 237//913 242//914 241//915 233//916
f 249//917 248//918 247//919 246//920
f 229//921 239//922 243//923 240//924
f 240//925 243//926 238//927 232//928
f 245//929 228//930 231//931 244//932
f 235//933 245//934 244//935 234//936
f 234//937 244//938 242//939 237//940
f 251//941 250//942 248//943 249//944
f 239//945 228//946 245//947 243//948
f 243//949 245//950 235//951 238//952
f 247//953 253//954 252//955 246//956
f 253//957 230//958 241//959 252//960
f 248//961 254//962 253//963 247//964
f 254//965 236//966 230//967 253//968
f 250//969 255//970 254//971 248//972
f 255//973 231//974 236//975 254//976
f 251//977 256//978 255//979 250//980
f 256//981 244//982 231//983 255//984
f 249//985 257//986 256//987 251//988
f 257//989 242//990 244//991 256//992
f 246//993 252//994 257//995 249//996
f 252//997 241//998 242//999 257//1000
f 40//1001 262//1002 267//1003 268//1004
f 262//1005 6//1006 258//1007 267//1008
f 29//1009 263//1010 262//1011 40//1012
f 263//1013 42//1014 6//1015 262//1016
f 39//1017 264//1018 263//1019 29//1020
f 264//1021 5//1022 42//1023 263//1024
f 35//1025 265//1026 264//1027 39//1028
f 265//1029 45//1030 5//1031 264//1032
f 36//1033 266//1034 265//1035 35//1036
f 266//1037 12//1038 45//1039 265//1040
f 286//1041 285//1042 284//1043 283//1044
f 270//1045 69//1046 59//1047 269//1048
f 288//1049 287//1050 285//1051 286//1052
f 269//1053 59//1054 67//1055 271//1056
f 272//1057 68//1058 18//1059 271//1060
f 271//1061 67//1062 56//1063 272//1064
f 272//1065 56//1066 63//1067 273//1068
f 273//1069 17//1070 68//1071 272//1072
f 270//1073 19//1074 71//1075 274//1076
f 274//1077 61//1078 69//1079 270//1080
f 273//1081 63//1082 52//1083 275//1084
f 275//1085 65//1086 17//1087 273//1088
f 275//1089 52//1090 66//1091 276//1092
f 276//1093 20//1094 65//1095 275//1096
f 276//1097 66//1098 61//1099 274//1100
f 274//1101 71//1102 20//1103 276//1104
f 278//1105 19//1106 270//1107 277
f 70//1108 19//1109 278//1110 279//1111
f 277 270//1112 269//1113 280
f 18//1114 70//1115 279//1116 281//1117
f 271//1118 18//1119 281//1120 282
f 280 269//1121 271//1122 282
f 284//1123 278//1124 277 283//1125
f 279//1126 278//1127 284//1128 285//1129
f 283//1130 277 280 286//1131
f 281//1132 279//1133 285//1134 287//1135
f 282 281//1136 287//1137 288//1138
f 286//1139 280 282 288//1140
f 203//1141 305//1142 306//1143 201//1144
f 216//1145 302//1146 303//1147 217//1148
f 204//1149 217//1150 303//1151 304//1152
f 223//1153 268//1154 294//1155 289//1156
f 260//1157 293//1158 294//1159 268//1160
f 299//1161 298//1162 259//1163 261//1164
