# Blender v2.71 (sub 0) OBJ File: ''
# www.blender.org
mtllib toroid.mtl
o Torus
v 1.250000 0.000000 0.000000
v 1.216506 0.125000 0.000000
v 1.125000 0.216506 0.000000
v 1.000000 0.250000 0.000000
v 0.875000 0.216506 0.000000
v 0.783494 0.125000 0.000000
v 0.750000 0.000000 0.000000
v 0.783494 -0.125000 0.000000
v 0.875000 -0.216506 0.000000
v 1.000000 -0.250000 0.000000
v 1.125000 -0.216506 0.000000
v 1.216506 -0.125000 0.000000
v 1.239306 0.000000 -0.163158
v 1.206099 0.125000 -0.158786
v 1.115376 0.216506 -0.146842
v 0.991445 0.250000 -0.130526
v 0.867514 0.216506 -0.114210
v 0.776791 0.125000 -0.102266
v 0.743584 0.000000 -0.097895
v 0.776791 -0.125000 -0.102266
v 0.867514 -0.216506 -0.114210
v 0.991445 -0.250000 -0.130526
v 1.115376 -0.216506 -0.146842
v 1.206099 -0.125000 -0.158786
v 1.207407 0.000000 -0.323524
v 1.175055 0.125000 -0.314855
v 1.086667 0.216506 -0.291171
v 0.965926 0.250000 -0.258819
v 0.845185 0.216506 -0.226467
v 0.756797 0.125000 -0.202783
v 0.724444 0.000000 -0.194114
v 0.756797 -0.125000 -0.202783
v 0.845185 -0.216506 -0.226467
v 0.965926 -0.250000 -0.258819
v 1.086667 -0.216506 -0.291171
v 1.175055 -0.125000 -0.314855
v 1.154850 0.000000 -0.478354
v 1.123905 0.125000 -0.465537
v 1.039365 0.216506 -0.430519
v 0.923880 0.250000 -0.382683
v 0.808395 0.216506 -0.334848
v 0.723854 0.125000 -0.299830
v 0.692910 0.000000 -0.287013
v 0.723854 -0.125000 -0.299830
v 0.808395 -0.216506 -0.334848
v 0.923880 -0.250000 -0.382683
v 1.039365 -0.216506 -0.430519
v 1.123905 -0.125000 -0.465537
v 1.082532 0.000000 -0.625000
v 1.053525 0.125000 -0.608253
v 0.974279 0.216506 -0.562500
v 0.866025 0.250000 -0.500000
v 0.757772 0.216506 -0.437500
v 0.678525 0.125000 -0.391747
v 0.649519 0.000000 -0.375000
v 0.678525 -0.125000 -0.391747
v 0.757772 -0.216506 -0.437500
v 0.866025 -0.250000 -0.500000
v 0.974279 -0.216506 -0.562500
v 1.053525 -0.125000 -0.608253
v 0.991692 0.000000 -0.760952
v 0.965119 0.125000 -0.740562
v 0.892523 0.216506 -0.684857
v 0.793353 0.250000 -0.608761
v 0.694184 0.216506 -0.532666
v 0.621587 0.125000 -0.476961
v 0.595015 0.000000 -0.456571
v 0.621587 -0.125000 -0.476961
v 0.694184 -0.216506 -0.532666
v 0.793353 -0.250000 -0.608761
v 0.892523 -0.216506 -0.684857
v 0.965119 -0.125000 -0.740562
v 0.883883 0.000000 -0.883884
v 0.860200 0.125000 -0.860200
v 0.795495 0.216506 -0.795495
v 0.707107 0.250000 -0.707107
v 0.618718 0.216506 -0.618718
v 0.554014 0.125000 -0.554014
v 0.530330 0.000000 -0.530330
v 0.554014 -0.125000 -0.554014
v 0.618718 -0.216506 -0.618718
v 0.707107 -0.250000 -0.707107
v 0.795495 -0.216506 -0.795495
v 0.860200 -0.125000 -0.860200
v 0.760952 0.000000 -0.991691
v 0.740562 0.125000 -0.965119
v 0.684857 0.216506 -0.892522
v 0.608762 0.250000 -0.793353
v 0.532666 0.216506 -0.694184
v 0.476961 0.125000 -0.621587
v 0.456571 0.000000 -0.595015
v 0.476961 -0.125000 -0.621587
v 0.532666 -0.216506 -0.694184
v 0.608762 -0.250000 -0.793353
v 0.684857 -0.216506 -0.892522
v 0.740562 -0.125000 -0.965119
v 0.625000 0.000000 -1.082532
v 0.608253 0.125000 -1.053525
v 0.562500 0.216506 -0.974279
v 0.500000 0.250000 -0.866025
v 0.437500 0.216506 -0.757772
v 0.391747 0.125000 -0.678525
v 0.375000 0.000000 -0.649519
v 0.391747 -0.125000 -0.678525
v 0.437500 -0.216506 -0.757772
v 0.500000 -0.250000 -0.866025
v 0.562500 -0.216506 -0.974279
v 0.608253 -0.125000 -1.053525
v 0.478355 0.000000 -1.154849
v 0.465537 0.125000 -1.123905
v 0.430519 0.216506 -1.039364
v 0.382684 0.250000 -0.923879
v 0.334848 0.216506 -0.808394
v 0.299830 0.125000 -0.723854
v 0.287013 0.000000 -0.692910
v 0.299830 -0.125000 -0.723854
v 0.334848 -0.216506 -0.808394
v 0.382684 -0.250000 -0.923879
v 0.430519 -0.216506 -1.039364
v 0.465537 -0.125000 -1.123905
v 0.323524 0.000000 -1.207407
v 0.314855 0.125000 -1.175055
v 0.291171 0.216506 -1.086666
v 0.258819 0.250000 -0.965926
v 0.226467 0.216506 -0.845185
v 0.202783 0.125000 -0.756797
v 0.194114 0.000000 -0.724444
v 0.202783 -0.125000 -0.756797
v 0.226467 -0.216506 -0.845185
v 0.258819 -0.250000 -0.965926
v 0.291171 -0.216506 -1.086666
v 0.314855 -0.125000 -1.175055
v 0.163158 0.000000 -1.239306
v 0.158786 0.125000 -1.206099
v 0.146842 0.216506 -1.115376
v 0.130526 0.250000 -0.991445
v 0.114210 0.216506 -0.867514
v 0.102266 0.125000 -0.776791
v 0.097895 0.000000 -0.743584
v 0.102266 -0.125000 -0.776791
v 0.114210 -0.216506 -0.867514
v 0.130526 -0.250000 -0.991445
v 0.146842 -0.216506 -1.115376
v 0.158786 -0.125000 -1.206099
v 0.000000 0.000000 -1.250000
v 0.000000 0.125000 -1.216506
v 0.000000 0.216506 -1.125000
v 0.000000 0.250000 -1.000000
v 0.000000 0.216506 -0.875000
v 0.000000 0.125000 -0.783494
v 0.000000 0.000000 -0.750000
v 0.000000 -0.125000 -0.783494
v 0.000000 -0.216506 -0.875000
v 0.000000 -0.250000 -1.000000
v 0.000000 -0.216506 -1.125000
v 0.000000 -0.125000 -1.216506
v -0.163158 0.000000 -1.239306
v -0.158786 0.125000 -1.206099
v -0.146842 0.216506 -1.115375
v -0.130526 0.250000 -0.991445
v -0.114211 0.216506 -0.867514
v -0.102267 0.125000 -0.776791
v -0.097895 0.000000 -0.743584
v -0.102267 -0.125000 -0.776791
v -0.114211 -0.216506 -0.867514
v -0.130526 -0.250000 -0.991445
v -0.146842 -0.216506 -1.115375
v -0.158786 -0.125000 -1.206099
v -0.323524 0.000000 -1.207407
v -0.314855 0.125000 -1.175055
v -0.291171 0.216506 -1.086667
v -0.258819 0.250000 -0.965926
v -0.226467 0.216506 -0.845185
v -0.202783 0.125000 -0.756797
v -0.194114 0.000000 -0.724444
v -0.202783 -0.125000 -0.756797
v -0.226467 -0.216506 -0.845185
v -0.258819 -0.250000 -0.965926
v -0.291171 -0.216506 -1.086667
v -0.314855 -0.125000 -1.175055
v -0.478354 0.000000 -1.154849
v -0.465537 0.125000 -1.123905
v -0.430519 0.216506 -1.039364
v -0.382684 0.250000 -0.923880
v -0.334848 0.216506 -0.808395
v -0.299830 0.125000 -0.723854
v -0.287013 0.000000 -0.692910
v -0.299830 -0.125000 -0.723854
v -0.334848 -0.216506 -0.808395
v -0.382684 -0.250000 -0.923880
v -0.430519 -0.216506 -1.039364
v -0.465537 -0.125000 -1.123905
v -0.625000 0.000000 -1.082532
v -0.608253 0.125000 -1.053525
v -0.562500 0.216506 -0.974279
v -0.500000 0.250000 -0.866026
v -0.437500 0.216506 -0.757772
v -0.391747 0.125000 -0.678525
v -0.375000 0.000000 -0.649519
v -0.391747 -0.125000 -0.678525
v -0.437500 -0.216506 -0.757772
v -0.500000 -0.250000 -0.866026
v -0.562500 -0.216506 -0.974279
v -0.608253 -0.125000 -1.053525
v -0.760952 0.000000 -0.991692
v -0.740562 0.125000 -0.965119
v -0.684857 0.216506 -0.892522
v -0.608761 0.250000 -0.793353
v -0.532666 0.216506 -0.694184
v -0.476961 0.125000 -0.621587
v -0.456571 0.000000 -0.595015
v -0.476961 -0.125000 -0.621587
v -0.532666 -0.216506 -0.694184
v -0.608761 -0.250000 -0.793353
v -0.684857 -0.216506 -0.892522
v -0.740562 -0.125000 -0.965119
v -0.883884 0.000000 -0.883883
v -0.860200 0.125000 -0.860200
v -0.795495 0.216506 -0.795495
v -0.707107 0.250000 -0.707107
v -0.618719 0.216506 -0.618718
v -0.554014 0.125000 -0.554013
v -0.530330 0.000000 -0.530330
v -0.554014 -0.125000 -0.554013
v -0.618719 -0.216506 -0.618718
v -0.707107 -0.250000 -0.707107
v -0.795495 -0.216506 -0.795495
v -0.860200 -0.125000 -0.860200
v -0.991692 0.000000 -0.760952
v -0.965119 0.125000 -0.740562
v -0.892523 0.216506 -0.684857
v -0.793353 0.250000 -0.608761
v -0.694184 0.216506 -0.532666
v -0.621587 0.125000 -0.476961
v -0.595015 0.000000 -0.456571
v -0.621587 -0.125000 -0.476961
v -0.694184 -0.216506 -0.532666
v -0.793353 -0.250000 -0.608761
v -0.892523 -0.216506 -0.684857
v -0.965119 -0.125000 -0.740562
v -1.082532 0.000000 -0.625000
v -1.053525 0.125000 -0.608253
v -0.974279 0.216506 -0.562500
v -0.866025 0.250000 -0.500000
v -0.757772 0.216506 -0.437500
v -0.678525 0.125000 -0.391747
v -0.649519 0.000000 -0.375000
v -0.678525 -0.125000 -0.391747
v -0.757772 -0.216506 -0.437500
v -0.866025 -0.250000 -0.500000
v -0.974279 -0.216506 -0.562500
v -1.053525 -0.125000 -0.608253
v -1.154849 0.000000 -0.478354
v -1.123905 0.125000 -0.465537
v -1.039364 0.216506 -0.430519
v -0.923879 0.250000 -0.382683
v -0.808394 0.216506 -0.334848
v -0.723854 0.125000 -0.299830
v -0.692910 0.000000 -0.287013
v -0.723854 -0.125000 -0.299830
v -0.808394 -0.216506 -0.334848
v -0.923879 -0.250000 -0.382683
v -1.039364 -0.216506 -0.430519
v -1.123905 -0.125000 -0.465537
v -1.207407 0.000000 -0.323524
v -1.175055 0.125000 -0.314855
v -1.086667 0.216506 -0.291171
v -0.965926 0.250000 -0.258819
v -0.845185 0.216506 -0.226467
v -0.756797 0.125000 -0.202783
v -0.724444 0.000000 -0.194114
v -0.756797 -0.125000 -0.202783
v -0.845185 -0.216506 -0.226467
v -0.965926 -0.250000 -0.258819
v -1.086667 -0.216506 -0.291171
v -1.175055 -0.125000 -0.314855
v -1.239306 0.000000 -0.163158
v -1.206099 0.125000 -0.158786
v -1.115376 0.216506 -0.146842
v -0.991445 0.250000 -0.130526
v -0.867514 0.216506 -0.114211
v -0.776791 0.125000 -0.102267
v -0.743584 0.000000 -0.097895
v -0.776791 -0.125000 -0.102267
v -0.867514 -0.216506 -0.114211
v -0.991445 -0.250000 -0.130526
v -1.115376 -0.216506 -0.146842
v -1.206099 -0.125000 -0.158786
v -1.250000 0.000000 -0.000000
v -1.216506 0.125000 -0.000000
v -1.125000 0.216506 -0.000000
v -1.000000 0.250000 -0.000000
v -0.875000 0.216506 -0.000000
v -0.783494 0.125000 -0.000000
v -0.750000 0.000000 -0.000000
v -0.783494 -0.125000 -0.000000
v -0.875000 -0.216506 -0.000000
v -1.000000 -0.250000 -0.000000
v -1.125000 -0.216506 -0.000000
v -1.216506 -0.125000 -0.000000
v -1.239306 0.000000 0.163158
v -1.206099 0.125000 0.158786
v -1.115376 0.216506 0.146842
v -0.991445 0.250000 0.130526
v -0.867514 0.216506 0.114211
v -0.776791 0.125000 0.102267
v -0.743584 0.000000 0.097895
v -0.776791 -0.125000 0.102267
v -0.867514 -0.216506 0.114211
v -0.991445 -0.250000 0.130526
v -1.115376 -0.216506 0.146842
v -1.206099 -0.125000 0.158786
v -1.207407 0.000000 0.323524
v -1.175055 0.125000 0.314855
v -1.086667 0.216506 0.291171
v -0.965926 0.250000 0.258819
v -0.845185 0.216506 0.226467
v -0.756797 0.125000 0.202783
v -0.724444 0.000000 0.194114
v -0.756797 -0.125000 0.202783
v -0.845185 -0.216506 0.226467
v -0.965926 -0.250000 0.258819
v -1.086667 -0.216506 0.291171
v -1.175055 -0.125000 0.314855
v -1.154850 0.000000 0.478354
v -1.123906 0.125000 0.465536
v -1.039365 0.216506 0.430518
v -0.923880 0.250000 0.382683
v -0.808395 0.216506 0.334848
v -0.723854 0.125000 0.299830
v -0.692910 0.000000 0.287012
v -0.723854 -0.125000 0.299830
v -0.808395 -0.216506 0.334848
v -0.923880 -0.250000 0.382683
v -1.039365 -0.216506 0.430518
v -1.123906 -0.125000 0.465536
v -1.082532 0.000000 0.625000
v -1.053526 0.125000 0.608253
v -0.974279 0.216506 0.562500
v -0.866026 0.250000 0.500000
v -0.757772 0.216506 0.437500
v -0.678526 0.125000 0.391747
v -0.649519 0.000000 0.375000
v -0.678526 -0.125000 0.391747
v -0.757772 -0.216506 0.437500
v -0.866026 -0.250000 0.500000
v -0.974279 -0.216506 0.562500
v -1.053526 -0.125000 0.608253
v -0.991692 0.000000 0.760952
v -0.965119 0.125000 0.740562
v -0.892523 0.216506 0.684857
v -0.793353 0.250000 0.608761
v -0.694184 0.216506 0.532666
v -0.621587 0.125000 0.476961
v -0.595015 0.000000 0.456571
v -0.621587 -0.125000 0.476961
v -0.694184 -0.216506 0.532666
v -0.793353 -0.250000 0.608761
v -0.892523 -0.216506 0.684857
v -0.965119 -0.125000 0.740562
v -0.883884 0.000000 0.883883
v -0.860200 0.125000 0.860200
v -0.795495 0.216506 0.795495
v -0.707107 0.250000 0.707107
v -0.618719 0.216506 0.618718
v -0.554014 0.125000 0.554013
v -0.530330 0.000000 0.530330
v -0.554014 -0.125000 0.554013
v -0.618719 -0.216506 0.618718
v -0.707107 -0.250000 0.707107
v -0.795495 -0.216506 0.795495
v -0.860200 -0.125000 0.860200
v -0.760952 0.000000 0.991691
v -0.740563 0.125000 0.965119
v -0.684857 0.216506 0.892522
v -0.608762 0.250000 0.793353
v -0.532667 0.216506 0.694184
v -0.476961 0.125000 0.621587
v -0.456571 0.000000 0.595015
v -0.476961 -0.125000 0.621587
v -0.532667 -0.216506 0.694184
v -0.608762 -0.250000 0.793353
v -0.684857 -0.216506 0.892522
v -0.740563 -0.125000 0.965119
v -0.625000 0.000000 1.082532
v -0.608253 0.125000 1.053525
v -0.562500 0.216506 0.974279
v -0.500000 0.250000 0.866026
v -0.437500 0.216506 0.757772
v -0.391747 0.125000 0.678525
v -0.375000 0.000000 0.649519
v -0.391747 -0.125000 0.678525
v -0.437500 -0.216506 0.757772
v -0.500000 -0.250000 0.866026
v -0.562500 -0.216506 0.974279
v -0.608253 -0.125000 1.053525
v -0.478354 0.000000 1.154849
v -0.465537 0.125000 1.123905
v -0.430519 0.216506 1.039364
v -0.382684 0.250000 0.923880
v -0.334848 0.216506 0.808395
v -0.299830 0.125000 0.723854
v -0.287013 0.000000 0.692910
v -0.299830 -0.125000 0.723854
v -0.334848 -0.216506 0.808395
v -0.382684 -0.250000 0.923880
v -0.430519 -0.216506 1.039364
v -0.465537 -0.125000 1.123905
v -0.323524 0.000000 1.207407
v -0.314855 0.125000 1.175055
v -0.291172 0.216506 1.086666
v -0.258819 0.250000 0.965926
v -0.226467 0.216506 0.845185
v -0.202783 0.125000 0.756797
v -0.194114 0.000000 0.724444
v -0.202783 -0.125000 0.756797
v -0.226467 -0.216506 0.845185
v -0.258819 -0.250000 0.965926
v -0.291172 -0.216506 1.086666
v -0.314855 -0.125000 1.175055
v -0.163159 0.000000 1.239306
v -0.158787 0.125000 1.206099
v -0.146843 0.216506 1.115375
v -0.130527 0.250000 0.991445
v -0.114211 0.216506 0.867514
v -0.102267 0.125000 0.776791
v -0.097895 0.000000 0.743584
v -0.102267 -0.125000 0.776791
v -0.114211 -0.216506 0.867514
v -0.130527 -0.250000 0.991445
v -0.146843 -0.216506 1.115375
v -0.158787 -0.125000 1.206099
v 0.000000 0.000000 1.250000
v 0.000000 0.125000 1.216506
v 0.000000 0.216506 1.125000
v 0.000000 0.250000 1.000000
v 0.000000 0.216506 0.875000
v 0.000000 0.125000 0.783494
v 0.000000 0.000000 0.750000
v 0.000000 -0.125000 0.783494
v 0.000000 -0.216506 0.875000
v 0.000000 -0.250000 1.000000
v 0.000000 -0.216506 1.125000
v 0.000000 -0.125000 1.216506
v 0.163158 0.000000 1.239306
v 0.158786 0.125000 1.206099
v 0.146842 0.216506 1.115376
v 0.130526 0.250000 0.991445
v 0.114210 0.216506 0.867514
v 0.102266 0.125000 0.776791
v 0.097895 0.000000 0.743584
v 0.102266 -0.125000 0.776791
v 0.114210 -0.216506 0.867514
v 0.130526 -0.250000 0.991445
v 0.146842 -0.216506 1.115376
v 0.158786 -0.125000 1.206099
v 0.323523 0.000000 1.207407
v 0.314854 0.125000 1.175055
v 0.291171 0.216506 1.086667
v 0.258819 0.250000 0.965926
v 0.226466 0.216506 0.845185
v 0.202783 0.125000 0.756797
v 0.194114 0.000000 0.724445
v 0.202783 -0.125000 0.756797
v 0.226466 -0.216506 0.845185
v 0.258819 -0.250000 0.965926
v 0.291171 -0.216506 1.086667
v 0.314854 -0.125000 1.175055
v 0.478355 0.000000 1.154849
v 0.465537 0.125000 1.123905
v 0.430519 0.216506 1.039364
v 0.382684 0.250000 0.923879
v 0.334848 0.216506 0.808394
v 0.299830 0.125000 0.723854
v 0.287013 0.000000 0.692910
v 0.299830 -0.125000 0.723854
v 0.334848 -0.216506 0.808394
v 0.382684 -0.250000 0.923879
v 0.430519 -0.216506 1.039364
v 0.465537 -0.125000 1.123905
v 0.625000 0.000000 1.082532
v 0.608253 0.125000 1.053525
v 0.562500 0.216506 0.974279
v 0.500000 0.250000 0.866025
v 0.437500 0.216506 0.757772
v 0.391747 0.125000 0.678525
v 0.375000 0.000000 0.649519
v 0.391747 -0.125000 0.678525
v 0.437500 -0.216506 0.757772
v 0.500000 -0.250000 0.866025
v 0.562500 -0.216506 0.974279
v 0.608253 -0.125000 1.053525
v 0.760952 0.000000 0.991692
v 0.740562 0.125000 0.965120
v 0.684856 0.216506 0.892523
v 0.608761 0.250000 0.793354
v 0.532666 0.216506 0.694184
v 0.476961 0.125000 0.621587
v 0.456571 0.000000 0.595015
v 0.476961 -0.125000 0.621587
v 0.532666 -0.216506 0.694184
v 0.608761 -0.250000 0.793354
v 0.684856 -0.216506 0.892523
v 0.740562 -0.125000 0.965120
v 0.883883 0.000000 0.883884
v 0.860199 0.125000 0.860200
v 0.795495 0.216506 0.795496
v 0.707106 0.250000 0.707107
v 0.618718 0.216506 0.618719
v 0.554013 0.125000 0.554014
v 0.530330 0.000000 0.530330
v 0.554013 -0.125000 0.554014
v 0.618718 -0.216506 0.618719
v 0.707106 -0.250000 0.707107
v 0.795495 -0.216506 0.795496
v 0.860199 -0.125000 0.860200
v 0.991692 0.000000 0.760952
v 0.965119 0.125000 0.740562
v 0.892523 0.216506 0.684857
v 0.793353 0.250000 0.608761
v 0.694184 0.216506 0.532666
v 0.621587 0.125000 0.476961
v 0.595015 0.000000 0.456571
v 0.621587 -0.125000 0.476961
v 0.694184 -0.216506 0.532666
v 0.793353 -0.250000 0.608761
v 0.892523 -0.216506 0.684857
v 0.965119 -0.125000 0.740562
v 1.082532 0.000000 0.625000
v 1.053525 0.125000 0.608253
v 0.974279 0.216506 0.562500
v 0.866025 0.250000 0.500000
v 0.757772 0.216506 0.437500
v 0.678525 0.125000 0.391747
v 0.649519 0.000000 0.375000
v 0.678525 -0.125000 0.391747
v 0.757772 -0.216506 0.437500
v 0.866025 -0.250000 0.500000
v 0.974279 -0.216506 0.562500
v 1.053525 -0.125000 0.608253
v 1.154849 0.000000 0.478355
v 1.123905 0.125000 0.465537
v 1.039364 0.216506 0.430519
v 0.923879 0.250000 0.382684
v 0.808394 0.216506 0.334848
v 0.723854 0.125000 0.299830
v 0.692909 0.000000 0.287013
v 0.723854 -0.125000 0.299830
v 0.808394 -0.216506 0.334848
v 0.923879 -0.250000 0.382684
v 1.039364 -0.216506 0.430519
v 1.123905 -0.125000 0.465537
v 1.207407 0.000000 0.323523
v 1.175055 0.125000 0.314855
v 1.086667 0.216506 0.291171
v 0.965926 0.250000 0.258819
v 0.845185 0.216506 0.226466
v 0.756797 0.125000 0.202783
v 0.724444 0.000000 0.194114
v 0.756797 -0.125000 0.202783
v 0.845185 -0.216506 0.226466
v 0.965926 -0.250000 0.258819
v 1.086667 -0.216506 0.291171
v 1.175055 -0.125000 0.314855
v 1.239306 0.000000 0.163158
v 1.206099 0.125000 0.158786
v 1.115376 0.216506 0.146842
v 0.991445 0.250000 0.130526
v 0.867514 0.216506 0.114210
v 0.776791 0.125000 0.102266
v 0.743584 0.000000 0.097895
v 0.776791 -0.125000 0.102266
v 0.867514 -0.216506 0.114210
v 0.991445 -0.250000 0.130526
v 1.115376 -0.216506 0.146842
v 1.206099 -0.125000 0.158786
usemtl None
s off
f 13 14 2
f 14 15 3
f 3 15 16
f 16 17 5
f 5 17 18
f 18 19 7
f 7 19 20
f 20 21 9
f 21 22 10
f 10 22 23
f 11 23 24
f 12 24 13
f 25 26 14
f 26 27 15
f 27 28 16
f 28 29 17
f 17 29 30
f 30 31 19
f 31 32 20
f 20 32 33
f 21 33 34
f 22 34 35
f 23 35 36
f 36 25 13
f 25 37 38
f 38 39 27
f 27 39 40
f 40 41 29
f 41 42 30
f 42 43 31
f 43 44 32
f 32 44 45
f 33 45 46
f 46 47 35
f 35 47 48
f 36 48 37
f 37 49 50
f 50 51 39
f 39 51 52
f 40 52 53
f 41 53 54
f 54 55 43
f 43 55 56
f 56 57 45
f 57 58 46
f 58 59 47
f 47 59 60
f 60 49 37
f 49 61 62
f 62 63 51
f 63 64 52
f 64 65 53
f 65 66 54
f 66 67 55
f 67 68 56
f 56 68 69
f 57 69 70
f 70 71 59
f 71 72 60
f 72 61 49
f 61 73 74
f 62 74 75
f 63 75 76
f 64 76 77
f 65 77 78
f 66 78 79
f 79 80 68
f 80 81 69
f 81 82 70
f 82 83 71
f 83 84 72
f 84 73 61
f 73 85 86
f 86 87 75
f 87 88 76
f 88 89 77
f 89 90 78
f 90 91 79
f 79 91 92
f 92 93 81
f 93 94 82
f 94 95 83
f 95 96 84
f 96 85 73
f 97 98 86
f 98 99 87
f 99 100 88
f 88 100 101
f 101 102 90
f 102 103 91
f 91 103 104
f 104 105 93
f 93 105 106
f 94 106 107
f 107 108 96
f 96 108 97
f 109 110 98
f 98 110 111
f 111 112 100
f 112 113 101
f 101 113 114
f 114 115 103
f 115 116 104
f 116 117 105
f 117 118 106
f 118 119 107
f 119 120 108
f 108 120 109
f 121 122 110
f 122 123 111
f 123 124 112
f 124 125 113
f 125 126 114
f 126 127 115
f 115 127 128
f 128 129 117
f 117 129 130
f 118 130 131
f 131 132 120
f 120 132 121
f 133 134 122
f 134 135 123
f 135 136 124
f 136 137 125
f 137 138 126
f 138 139 127
f 139 140 128
f 140 141 129
f 141 142 130
f 130 142 143
f 131 143 144
f 132 144 133
f 145 146 134
f 134 146 147
f 147 148 136
f 148 149 137
f 149 150 138
f 150 151 139
f 139 151 152
f 140 152 153
f 141 153 154
f 142 154 155
f 155 156 144
f 144 156 145
f 157 158 146
f 146 158 159
f 159 160 148
f 148 160 161
f 161 162 150
f 162 163 151
f 163 164 152
f 164 165 153
f 165 166 154
f 166 167 155
f 155 167 168
f 156 168 157
f 169 170 158
f 170 171 159
f 171 172 160
f 172 173 161
f 173 174 162
f 174 175 163
f 175 176 164
f 164 176 177
f 165 177 178
f 166 178 179
f 179 180 168
f 180 169 157
f 169 181 182
f 182 183 171
f 171 183 184
f 172 184 185
f 185 186 174
f 174 186 187
f 187 188 176
f 188 189 177
f 189 190 178
f 190 191 179
f 191 192 180
f 192 181 169
f 181 193 194
f 194 195 183
f 195 196 184
f 184 196 197
f 197 198 186
f 186 198 199
f 199 200 188
f 188 200 201
f 189 201 202
f 202 203 191
f 191 203 204
f 204 193 181
f 193 205 206
f 206 207 195
f 195 207 208
f 208 209 197
f 209 210 198
f 210 211 199
f 199 211 212
f 212 213 201
f 201 213 214
f 214 215 203
f 203 215 216
f 216 205 193
f 205 217 218
f 206 218 219
f 207 219 220
f 208 220 221
f 209 221 222
f 222 223 211
f 223 224 212
f 224 225 213
f 225 226 214
f 226 227 215
f 227 228 216
f 228 217 205
f 217 229 230
f 230 231 219
f 231 232 220
f 232 233 221
f 233 234 222
f 234 235 223
f 235 236 224
f 236 237 225
f 237 238 226
f 238 239 227
f 227 239 240
f 240 229 217
f 229 241 242
f 242 243 231
f 243 244 232
f 244 245 233
f 245 246 234
f 246 247 235
f 235 247 248
f 236 248 249
f 237 249 250
f 238 250 251
f 251 252 240
f 252 241 229
f 241 253 254
f 242 254 255
f 243 255 256
f 244 256 257
f 245 257 258
f 246 258 259
f 259 260 248
f 260 261 249
f 261 262 250
f 262 263 251
f 263 264 252
f 264 253 241
f 265 266 254
f 266 267 255
f 267 268 256
f 268 269 257
f 269 270 258
f 270 271 259
f 259 271 272
f 260 272 273
f 261 273 274
f 262 274 275
f 263 275 276
f 264 276 265
f 265 277 278
f 266 278 279
f 279 280 268
f 280 281 269
f 281 282 270
f 282 283 271
f 283 284 272
f 284 285 273
f 285 286 274
f 274 286 287
f 287 288 276
f 288 277 265
f 289 290 278
f 278 290 291
f 279 291 292
f 280 292 293
f 281 293 294
f 294 295 283
f 295 296 284
f 296 297 285
f 297 298 286
f 298 299 287
f 299 300 288
f 300 289 277
f 289 301 302
f 290 302 303
f 303 304 292
f 304 305 293
f 305 306 294
f 306 307 295
f 295 307 308
f 308 309 297
f 309 310 298
f 310 311 299
f 311 312 300
f 312 301 289
f 313 314 302
f 314 315 303
f 315 316 304
f 316 317 305
f 317 318 306
f 318 319 307
f 319 320 308
f 320 321 309
f 321 322 310
f 322 323 311
f 311 323 324
f 312 324 313
f 325 326 314
f 314 326 327
f 315 327 328
f 316 328 329
f 317 329 330
f 330 331 319
f 319 331 332
f 332 333 321
f 333 334 322
f 334 335 323
f 323 335 336
f 336 325 313
f 337 338 326
f 338 339 327
f 339 340 328
f 340 341 329
f 341 342 330
f 342 343 331
f 343 344 332
f 332 344 345
f 333 345 346
f 334 346 347
f 335 347 348
f 336 348 337
f 349 350 338
f 338 350 351
f 351 352 340
f 352 353 341
f 341 353 354
f 354 355 343
f 355 356 344
f 356 357 345
f 345 357 358
f 346 358 359
f 359 360 348
f 348 360 349
f 361 362 350
f 350 362 363
f 351 363 364
f 352 364 365
f 365 366 354
f 366 367 355
f 367 368 356
f 356 368 369
f 369 370 358
f 358 370 371
f 371 372 360
f 360 372 361
f 373 374 362
f 374 375 363
f 375 376 364
f 376 377 365
f 377 378 366
f 366 378 379
f 379 380 368
f 368 380 381
f 369 381 382
f 370 382 383
f 383 384 372
f 372 384 373
f 385 386 374
f 386 387 375
f 387 388 376
f 388 389 377
f 389 390 378
f 390 391 379
f 391 392 380
f 392 393 381
f 393 394 382
f 394 395 383
f 383 395 396
f 384 396 385
f 397 398 386
f 386 398 399
f 387 399 400
f 388 400 401
f 401 402 390
f 402 403 391
f 391 403 404
f 404 405 393
f 405 406 394
f 406 407 395
f 407 408 396
f 396 408 397
f 397 409 410
f 410 411 399
f 411 412 400
f 412 413 401
f 413 414 402
f 402 414 415
f 415 416 404
f 416 417 405
f 417 418 406
f 418 419 407
f 407 419 420
f 420 409 397
f 409 421 422
f 410 422 423
f 411 423 424
f 412 424 425
f 413 425 426
f 414 426 427
f 427 428 416
f 428 429 417
f 429 430 418
f 430 431 419
f 431 432 420
f 432 421 409
f 421 433 434
f 422 434 435
f 435 436 424
f 436 437 425
f 437 438 426
f 438 439 427
f 439 440 428
f 428 440 441
f 429 441 442
f 430 442 443
f 431 443 444
f 444 433 421
f 433 445 446
f 446 447 435
f 435 447 448
f 436 448 449
f 437 449 450
f 450 451 439
f 451 452 440
f 452 453 441
f 453 454 442
f 454 455 443
f 443 455 456
f 456 445 433
f 445 457 458
f 446 458 459
f 447 459 460
f 460 461 449
f 461 462 450
f 462 463 451
f 451 463 464
f 452 464 465
f 465 466 454
f 466 467 455
f 467 468 456
f 468 457 445
f 457 469 470
f 458 470 471
f 459 471 472
f 472 473 461
f 473 474 462
f 462 474 475
f 475 476 464
f 476 477 465
f 477 478 466
f 478 479 467
f 479 480 468
f 480 469 457
f 469 481 482
f 482 483 471
f 471 483 484
f 484 485 473
f 485 486 474
f 486 487 475
f 475 487 488
f 476 488 489
f 477 489 490
f 490 491 479
f 479 491 492
f 492 481 469
f 493 494 482
f 494 495 483
f 495 496 484
f 496 497 485
f 497 498 486
f 498 499 487
f 499 500 488
f 488 500 501
f 489 501 502
f 490 502 503
f 491 503 504
f 504 493 481
f 505 506 494
f 494 506 507
f 495 507 508
f 496 508 509
f 509 510 498
f 510 511 499
f 511 512 500
f 500 512 513
f 513 514 502
f 514 515 503
f 515 516 504
f 516 505 493
f 517 518 506
f 518 519 507
f 519 520 508
f 520 521 509
f 521 522 510
f 522 523 511
f 511 523 524
f 524 525 513
f 525 526 514
f 514 526 527
f 527 528 516
f 516 528 517
f 529 530 518
f 518 530 531
f 531 532 520
f 520 532 533
f 521 533 534
f 534 535 523
f 535 536 524
f 536 537 525
f 537 538 526
f 538 539 527
f 539 540 528
f 528 540 529
f 541 542 530
f 542 543 531
f 543 544 532
f 532 544 545
f 545 546 534
f 546 547 535
f 547 548 536
f 536 548 549
f 549 550 538
f 538 550 551
f 551 552 540
f 552 541 529
f 553 554 542
f 554 555 543
f 555 556 544
f 556 557 545
f 557 558 546
f 558 559 547
f 559 560 548
f 548 560 561
f 561 562 550
f 550 562 563
f 563 564 552
f 552 564 553
f 565 566 554
f 566 567 555
f 555 567 568
f 556 568 569
f 569 570 558
f 570 571 559
f 571 572 560
f 560 572 573
f 561 573 574
f 574 575 563
f 575 576 564
f 576 565 553
f 1 2 566
f 566 2 3
f 567 3 4
f 4 5 569
f 5 6 570
f 6 7 571
f 7 8 572
f 572 8 9
f 9 10 574
f 10 11 575
f 11 12 576
f 12 1 565
f 1 13 2
f 2 14 3
f 4 3 16
f 4 16 5
f 6 5 18
f 6 18 7
f 8 7 20
f 8 20 9
f 9 21 10
f 11 10 23
f 12 11 24
f 1 12 13
f 13 25 14
f 14 26 15
f 15 27 16
f 16 28 17
f 18 17 30
f 18 30 19
f 19 31 20
f 21 20 33
f 22 21 34
f 23 22 35
f 24 23 36
f 24 36 13
f 26 25 38
f 26 38 27
f 28 27 40
f 28 40 29
f 29 41 30
f 30 42 31
f 31 43 32
f 33 32 45
f 34 33 46
f 34 46 35
f 36 35 48
f 25 36 37
f 38 37 50
f 38 50 39
f 40 39 52
f 41 40 53
f 42 41 54
f 42 54 43
f 44 43 56
f 44 56 45
f 45 57 46
f 46 58 47
f 48 47 60
f 48 60 37
f 50 49 62
f 50 62 51
f 51 63 52
f 52 64 53
f 53 65 54
f 54 66 55
f 55 67 56
f 57 56 69
f 58 57 70
f 58 70 59
f 59 71 60
f 60 72 49
f 62 61 74
f 63 62 75
f 64 63 76
f 65 64 77
f 66 65 78
f 67 66 79
f 67 79 68
f 68 80 69
f 69 81 70
f 70 82 71
f 71 83 72
f 72 84 61
f 74 73 86
f 74 86 75
f 75 87 76
f 76 88 77
f 77 89 78
f 78 90 79
f 80 79 92
f 80 92 81
f 81 93 82
f 82 94 83
f 83 95 84
f 84 96 73
f 85 97 86
f 86 98 87
f 87 99 88
f 89 88 101
f 89 101 90
f 90 102 91
f 92 91 104
f 92 104 93
f 94 93 106
f 95 94 107
f 95 107 96
f 85 96 97
f 97 109 98
f 99 98 111
f 99 111 100
f 100 112 101
f 102 101 114
f 102 114 103
f 103 115 104
f 104 116 105
f 105 117 106
f 106 118 107
f 107 119 108
f 97 108 109
f 109 121 110
f 110 122 111
f 111 123 112
f 112 124 113
f 113 125 114
f 114 126 115
f 116 115 128
f 116 128 117
f 118 117 130
f 119 118 131
f 119 131 120
f 109 120 121
f 121 133 122
f 122 134 123
f 123 135 124
f 124 136 125
f 125 137 126
f 126 138 127
f 127 139 128
f 128 140 129
f 129 141 130
f 131 130 143
f 132 131 144
f 121 132 133
f 133 145 134
f 135 134 147
f 135 147 136
f 136 148 137
f 137 149 138
f 138 150 139
f 140 139 152
f 141 140 153
f 142 141 154
f 143 142 155
f 143 155 144
f 133 144 145
f 145 157 146
f 147 146 159
f 147 159 148
f 149 148 161
f 149 161 150
f 150 162 151
f 151 163 152
f 152 164 153
f 153 165 154
f 154 166 155
f 156 155 168
f 145 156 157
f 157 169 158
f 158 170 159
f 159 171 160
f 160 172 161
f 161 173 162
f 162 174 163
f 163 175 164
f 165 164 177
f 166 165 178
f 167 166 179
f 167 179 168
f 168 180 157
f 170 169 182
f 170 182 171
f 172 171 184
f 173 172 185
f 173 185 174
f 175 174 187
f 175 187 176
f 176 188 177
f 177 189 178
f 178 190 179
f 179 191 180
f 180 192 169
f 182 181 194
f 182 194 183
f 183 195 184
f 185 184 197
f 185 197 186
f 187 186 199
f 187 199 188
f 189 188 201
f 190 189 202
f 190 202 191
f 192 191 204
f 192 204 181
f 194 193 206
f 194 206 195
f 196 195 208
f 196 208 197
f 197 209 198
f 198 210 199
f 200 199 212
f 200 212 201
f 202 201 214
f 202 214 203
f 204 203 216
f 204 216 193
f 206 205 218
f 207 206 219
f 208 207 220
f 209 208 221
f 210 209 222
f 210 222 211
f 211 223 212
f 212 224 213
f 213 225 214
f 214 226 215
f 215 227 216
f 216 228 205
f 218 217 230
f 218 230 219
f 219 231 220
f 220 232 221
f 221 233 222
f 222 234 223
f 223 235 224
f 224 236 225
f 225 237 226
f 226 238 227
f 228 227 240
f 228 240 217
f 230 229 242
f 230 242 231
f 231 243 232
f 232 244 233
f 233 245 234
f 234 246 235
f 236 235 248
f 237 236 249
f 238 237 250
f 239 238 251
f 239 251 240
f 240 252 229
f 242 241 254
f 243 242 255
f 244 243 256
f 245 244 257
f 246 245 258
f 247 246 259
f 247 259 248
f 248 260 249
f 249 261 250
f 250 262 251
f 251 263 252
f 252 264 241
f 253 265 254
f 254 266 255
f 255 267 256
f 256 268 257
f 257 269 258
f 258 270 259
f 260 259 272
f 261 260 273
f 262 261 274
f 263 262 275
f 264 263 276
f 253 264 265
f 266 265 278
f 267 266 279
f 267 279 268
f 268 280 269
f 269 281 270
f 270 282 271
f 271 283 272
f 272 284 273
f 273 285 274
f 275 274 287
f 275 287 276
f 276 288 265
f 277 289 278
f 279 278 291
f 280 279 292
f 281 280 293
f 282 281 294
f 282 294 283
f 283 295 284
f 284 296 285
f 285 297 286
f 286 298 287
f 287 299 288
f 288 300 277
f 290 289 302
f 291 290 303
f 291 303 292
f 292 304 293
f 293 305 294
f 294 306 295
f 296 295 308
f 296 308 297
f 297 309 298
f 298 310 299
f 299 311 300
f 300 312 289
f 301 313 302
f 302 314 303
f 303 315 304
f 304 316 305
f 305 317 306
f 306 318 307
f 307 319 308
f 308 320 309
f 309 321 310
f 310 322 311
f 312 311 324
f 301 312 313
f 313 325 314
f 315 314 327
f 316 315 328
f 317 316 329
f 318 317 330
f 318 330 319
f 320 319 332
f 320 332 321
f 321 333 322
f 322 334 323
f 324 323 336
f 324 336 313
f 325 337 326
f 326 338 327
f 327 339 328
f 328 340 329
f 329 341 330
f 330 342 331
f 331 343 332
f 333 332 345
f 334 333 346
f 335 334 347
f 336 335 348
f 325 336 337
f 337 349 338
f 339 338 351
f 339 351 340
f 340 352 341
f 342 341 354
f 342 354 343
f 343 355 344
f 344 356 345
f 346 345 358
f 347 346 359
f 347 359 348
f 337 348 349
f 349 361 350
f 351 350 363
f 352 351 364
f 353 352 365
f 353 365 354
f 354 366 355
f 355 367 356
f 357 356 369
f 357 369 358
f 359 358 371
f 359 371 360
f 349 360 361
f 361 373 362
f 362 374 363
f 363 375 364
f 364 376 365
f 365 377 366
f 367 366 379
f 367 379 368
f 369 368 381
f 370 369 382
f 371 370 383
f 371 383 372
f 361 372 373
f 373 385 374
f 374 386 375
f 375 387 376
f 376 388 377
f 377 389 378
f 378 390 379
f 379 391 380
f 380 392 381
f 381 393 382
f 382 394 383
f 384 383 396
f 373 384 385
f 385 397 386
f 387 386 399
f 388 387 400
f 389 388 401
f 389 401 390
f 390 402 391
f 392 391 404
f 392 404 393
f 393 405 394
f 394 406 395
f 395 407 396
f 385 396 397
f 398 397 410
f 398 410 399
f 399 411 400
f 400 412 401
f 401 413 402
f 403 402 415
f 403 415 404
f 404 416 405
f 405 417 406
f 406 418 407
f 408 407 420
f 408 420 397
f 410 409 422
f 411 410 423
f 412 411 424
f 413 412 425
f 414 413 426
f 415 414 427
f 415 427 416
f 416 428 417
f 417 429 418
f 418 430 419
f 419 431 420
f 420 432 409
f 422 421 434
f 423 422 435
f 423 435 424
f 424 436 425
f 425 437 426
f 426 438 427
f 427 439 428
f 429 428 441
f 430 429 442
f 431 430 443
f 432 431 444
f 432 444 421
f 434 433 446
f 434 446 435
f 436 435 448
f 437 436 449
f 438 437 450
f 438 450 439
f 439 451 440
f 440 452 441
f 441 453 442
f 442 454 443
f 444 443 456
f 444 456 433
f 446 445 458
f 447 446 459
f 448 447 460
f 448 460 449
f 449 461 450
f 450 462 451
f 452 451 464
f 453 452 465
f 453 465 454
f 454 466 455
f 455 467 456
f 456 468 445
f 458 457 470
f 459 458 471
f 460 459 472
f 460 472 461
f 461 473 462
f 463 462 475
f 463 475 464
f 464 476 465
f 465 477 466
f 466 478 467
f 467 479 468
f 468 480 457
f 470 469 482
f 470 482 471
f 472 471 484
f 472 484 473
f 473 485 474
f 474 486 475
f 476 475 488
f 477 476 489
f 478 477 490
f 478 490 479
f 480 479 492
f 480 492 469
f 481 493 482
f 482 494 483
f 483 495 484
f 484 496 485
f 485 497 486
f 486 498 487
f 487 499 488
f 489 488 501
f 490 489 502
f 491 490 503
f 492 491 504
f 492 504 481
f 493 505 494
f 495 494 507
f 496 495 508
f 497 496 509
f 497 509 498
f 498 510 499
f 499 511 500
f 501 500 513
f 501 513 502
f 502 514 503
f 503 515 504
f 504 516 493
f 505 517 506
f 506 518 507
f 507 519 508
f 508 520 509
f 509 521 510
f 510 522 511
f 512 511 524
f 512 524 513
f 513 525 514
f 515 514 527
f 515 527 516
f 505 516 517
f 517 529 518
f 519 518 531
f 519 531 520
f 521 520 533
f 522 521 534
f 522 534 523
f 523 535 524
f 524 536 525
f 525 537 526
f 526 538 527
f 527 539 528
f 517 528 529
f 529 541 530
f 530 542 531
f 531 543 532
f 533 532 545
f 533 545 534
f 534 546 535
f 535 547 536
f 537 536 549
f 537 549 538
f 539 538 551
f 539 551 540
f 540 552 529
f 541 553 542
f 542 554 543
f 543 555 544
f 544 556 545
f 545 557 546
f 546 558 547
f 547 559 548
f 549 548 561
f 549 561 550
f 551 550 563
f 551 563 552
f 541 552 553
f 553 565 554
f 554 566 555
f 556 555 568
f 557 556 569
f 557 569 558
f 558 570 559
f 559 571 560
f 561 560 573
f 562 561 574
f 562 574 563
f 563 575 564
f 564 576 553
f 565 1 566
f 567 566 3
f 568 567 4
f 568 4 569
f 569 5 570
f 570 6 571
f 571 7 572
f 573 572 9
f 573 9 574
f 574 10 575
f 575 11 576
f 576 12 565
