# Blender v2.71 (sub 0) OBJ File: ''
# www.blender.org
mtllib torusknot.mtl
o Torus_Knot
v -0.500558 -0.012096 0.020276
v -0.646841 -0.312184 -0.166793
v -1.000000 -0.429399 -0.256157
v -1.353159 -0.295078 -0.195468
v -1.499442 0.012096 -0.020276
v -1.353159 0.312184 0.166793
v -1.000000 0.429399 0.256157
v -0.646841 0.295078 0.195468
v -0.483635 0.194714 -0.330922
v -0.630968 -0.100176 -0.525292
v -0.981856 -0.199635 -0.641188
v -1.330755 -0.045402 -0.610719
v -1.473284 0.272177 -0.451734
v -1.325951 0.567067 -0.257364
v -0.975063 0.666526 -0.141469
v -0.626164 0.512292 -0.171937
v -0.429850 0.381979 -0.674459
v -0.583121 0.092537 -0.872393
v -0.930465 0.014830 -1.012964
v -1.268412 0.194376 -1.013828
v -1.398999 0.526002 -0.874478
v -1.245729 0.815444 -0.676544
v -0.898385 0.893151 -0.535972
v -0.560437 0.713605 -0.535109
v -0.343595 0.535507 -1.000654
v -0.509185 0.254156 -1.200324
v -0.850780 0.204361 -1.365492
v -1.168277 0.415293 -1.399406
v -1.275691 0.763389 -1.282198
v -1.110101 1.044741 -1.082529
v -0.768507 1.094535 -0.917360
v -0.451010 0.883603 -0.883447
v -0.232310 0.646356 -1.298562
v -0.414865 0.377531 -1.500685
v -0.745104 0.361465 -1.693379
v -1.029577 0.607569 -1.763765
v -1.101645 0.971678 -1.670613
v -0.919090 1.240503 -1.468490
v -0.588851 1.256569 -1.275797
v -0.304377 1.010465 -1.205410
v -0.105300 0.712589 -1.557931
v -0.304851 0.460611 -1.765616
v -0.613056 0.480010 -1.991626
v -0.849371 0.759422 -2.103566
v -0.875368 1.135170 -2.035863
v -0.675817 1.387148 -1.828178
v -0.367612 1.367749 -1.602168
v -0.131297 1.088337 -1.490228
v 0.029171 0.738896 -1.772570
v -0.181959 0.505251 -1.990011
v -0.453194 0.554211 -2.255495
v -0.625647 0.857096 -2.413504
v -0.598299 1.236481 -2.371479
v -0.387169 1.470126 -2.154038
v -0.115934 1.421166 -1.888554
v 0.056519 1.118280 -1.730546
v 0.167520 0.732903 -1.943084
v -0.046398 0.514525 -2.173295
v -0.265554 0.578726 -2.480371
v -0.361570 0.887897 -2.684430
v -0.278202 1.260931 -2.665939
v -0.064284 1.479309 -2.435728
v 0.154872 1.415109 -2.128653
v 0.250889 1.105937 -1.924593
v 0.312462 0.699342 -2.075311
v 0.104183 0.489518 -2.318294
v -0.053250 0.550058 -2.661800
v -0.067615 0.845497 -2.904608
v 0.069504 1.202771 -2.904485
v 0.277783 1.412595 -2.661503
v 0.435216 1.352056 -2.317997
v 0.449581 1.056616 -2.075188
v 0.469462 0.636998 -2.174250
v 0.272226 0.428172 -2.427105
v 0.177684 0.467994 -2.795783
v 0.241219 0.733136 -3.064315
v 0.425612 1.068282 -3.075400
v 0.622848 1.277108 -2.822544
v 0.717390 1.237287 -2.453867
v 0.653855 0.972144 -2.185335
v 0.640320 0.542195 -2.239834
v 0.456454 0.328168 -2.498353
v 0.419417 0.336117 -2.879157
v 0.550904 0.561387 -3.159176
v 0.773893 0.872018 -3.174380
v 0.957759 1.086046 -2.915861
v 0.994797 1.078097 -2.535057
v 0.863309 0.852826 -2.255038
v 0.820475 0.414658 -2.268609
v 0.650663 0.190951 -2.528543
v 0.663415 0.161460 -2.909876
v 0.851259 0.343460 -3.189227
v 1.104159 0.630339 -3.202956
v 1.273970 0.854046 -2.943022
v 1.261219 0.883538 -2.561690
v 1.073375 0.701537 -2.282339
v 1.001071 0.259936 -2.257622
v 0.845609 0.023111 -2.514900
v 0.901153 -0.046235 -2.887127
v 1.135167 0.092522 -3.156257
v 1.410568 0.358098 -3.164638
v 1.566030 0.594923 -2.907360
v 1.510485 0.664268 -2.535133
v 1.276472 0.525512 -2.266003
v 1.172055 0.088273 -2.206728
v 1.031391 -0.164773 -2.456984
v 1.124508 -0.275337 -2.811316
v 1.396859 -0.178652 -3.062162
v 1.688904 0.068645 -3.062579
v 1.829568 0.321691 -2.812323
v 1.736451 0.432255 -2.457991
v 1.464100 0.335570 -2.207145
v 1.324165 -0.087721 -2.119154
v 1.198948 -0.360075 -2.357043
v 1.325979 -0.513139 -2.683970
v 1.630844 -0.457250 -2.908426
v 1.934957 -0.225148 -2.898927
v 2.060174 0.047206 -2.661038
v 1.933143 0.200270 -2.334111
v 1.628278 0.144381 -2.109656
v 1.450009 -0.255480 -2.001214
v 1.340850 -0.550059 -2.219742
v 1.498838 -0.746591 -2.507598
v 1.831425 -0.729951 -2.696161
v 2.143785 -0.509887 -2.674972
v 2.252944 -0.215308 -2.456444
v 2.094956 -0.018776 -2.168588
v 1.762369 -0.035415 -1.980025
v 1.544792 -0.404916 -1.861227
v 1.451822 -0.723759 -2.051338
v 1.637234 -0.962951 -2.285552
v 1.992418 -0.982376 -2.426670
v 2.309310 -0.770655 -2.392026
v 2.402280 -0.451811 -2.201916
v 2.216867 -0.212620 -1.967702
v 1.861684 -0.193195 -1.826584
v 1.606646 -0.530625 -1.706935
v 1.528961 -0.873606 -1.857852
v 1.736260 -1.150276 -2.021949
v 2.107110 -1.198565 -2.103099
v 2.424271 -0.990187 -2.053766
v 2.501956 -0.647206 -1.902850
v 2.294657 -0.370536 -1.738753
v 1.923807 -0.322247 -1.657603
v 1.635623 -0.632194 -1.541299
v 1.570980 -0.995618 -1.642246
v 1.791947 -1.297763 -1.721799
v 2.169086 -1.361635 -1.733355
v 2.481472 -1.149819 -1.670146
v 2.546115 -0.786395 -1.569198
v 2.325148 -0.484250 -1.489646
v 1.948009 -0.420378 -1.478090
v 1.630890 -0.710448 -1.359926
v 1.576100 -1.086731 -1.403009
v 1.801161 -1.396022 -1.391483
v 2.174236 -1.457144 -1.332100
v 2.476781 -1.234292 -1.259646
v 2.531571 -0.858009 -1.216564
v 2.306510 -0.548718 -1.228090
v 1.933436 -0.487596 -1.287472
v 1.588677 -0.761720 -1.155036
v 1.540439 -1.140951 -1.137610
v 1.761406 -1.437615 -1.039574
v 2.122138 -1.477930 -0.918356
v 2.411323 -1.238280 -0.844964
v 2.459561 -0.859049 -0.862390
v 2.238595 -0.562385 -0.960426
v 1.877863 -0.522070 -1.081644
v 1.504126 -0.776653 -0.923651
v 1.459238 -1.149254 -0.848817
v 1.670737 -1.418239 -0.677464
v 2.014730 -1.426040 -0.509968
v 2.289709 -1.168087 -0.444446
v 2.334597 -0.795486 -0.519280
v 2.123098 -0.526501 -0.690633
v 1.779105 -0.518700 -0.858129
v 1.374824 -0.745021 -0.671573
v 1.329627 -1.104077 -0.547143
v 1.528148 -1.338319 -0.318743
v 1.854095 -1.310531 -0.120166
v 2.116534 -1.036992 -0.067736
v 2.161730 -0.677936 -0.192166
v 1.963209 -0.443694 -0.420566
v 1.637262 -0.471482 -0.619143
v 1.201998 -0.661385 -0.410921
v 1.152144 -1.003869 -0.247623
v 1.334510 -1.203735 0.023011
v 1.642268 -1.143905 0.242447
v 1.895137 -0.859427 0.282143
v 1.944991 -0.516943 0.118845
v 1.762625 -0.317077 -0.151789
v 1.454867 -0.376907 -0.371225
v 0.989472 -0.527793 -0.155344
v 0.930699 -0.854371 0.035284
v 1.093539 -1.024786 0.336761
v 1.382603 -0.939213 0.572485
v 1.628561 -0.647778 0.604372
v 1.687335 -0.321200 0.413744
v 1.524495 -0.150784 0.112267
v 1.235430 -0.236358 -0.123457
v 0.742273 -0.353391 0.083551
v 0.671781 -0.667085 0.291094
v 0.812026 -0.814180 0.615349
v 1.080853 -0.708510 0.866372
v 1.320788 -0.411976 0.897117
v 1.391279 -0.098282 0.689574
v 1.251035 0.048813 0.365319
v 0.982207 -0.056857 0.114297
v 0.465752 -0.152434 0.297451
v 0.383389 -0.456929 0.514120
v 0.499133 -0.585399 0.855507
v 0.745184 -0.462587 1.121633
v 0.977408 -0.160435 1.156604
v 1.059771 0.144060 0.939935
v 0.944027 0.272530 0.598548
v 0.697976 0.149718 0.332422
v 0.165476 0.057991 0.480844
v 0.074083 -0.240249 0.702534
v 0.165104 -0.351795 1.057104
v 0.385219 -0.211303 1.336850
v 0.605489 0.098927 1.377902
v 0.696881 0.397167 1.156212
v 0.605861 0.508713 0.801642
v 0.385746 0.368222 0.521896
v -0.152053 0.260091 0.630092
v -0.247388 -0.033130 0.856763
v -0.180088 -0.125925 1.221874
v 0.010425 0.036063 1.511549
v 0.212550 0.357943 1.556100
v 0.307886 0.651164 1.329429
v 0.240585 0.743959 0.964318
v 0.050073 0.581971 0.674643
v -0.478188 0.437475 0.743041
v -0.571836 0.150324 0.978031
v -0.527675 0.081188 1.351818
v -0.371572 0.270565 1.645441
v -0.194970 0.607522 1.686901
v -0.101322 0.894673 1.451910
v -0.145484 0.963809 1.078123
v -0.301587 0.774432 0.784500
v -0.801368 0.577447 0.819287
v -0.889358 0.299732 1.067437
v -0.870587 0.260652 1.447657
v -0.756052 0.483099 1.737218
v -0.612845 0.836766 1.766500
v -0.524855 1.114481 1.518349
v -0.543626 1.153562 1.138129
v -0.658162 0.931115 0.848568
v -1.107910 0.673275 0.860495
v -1.189932 0.409670 1.125507
v -1.203618 0.405551 1.507924
v -1.140950 0.663331 1.783730
v -1.038640 1.032005 1.791362
v -0.956618 1.295610 1.526350
v -0.942932 1.299729 1.143934
v -1.005599 1.041950 0.868127
v -1.385077 0.725424 0.870111
v -1.465233 0.479603 1.152235
v -1.523023 0.509953 1.529310
v -1.524593 0.798696 1.780452
v -1.469025 1.176689 1.758544
v -1.388869 1.422510 1.476421
v -1.331079 1.392160 1.099345
v -1.329509 1.103417 0.848204
v -1.625785 0.740139 0.852226
v -1.711051 0.512150 1.147517
v -1.825354 0.568131 1.508415
v -1.901738 0.875289 1.723511
v -1.895458 1.253695 1.666803
v -1.810192 1.481685 1.371512
v -1.695888 1.425704 1.010614
v -1.619504 1.118546 0.795518
v -1.831742 0.724723 0.809499
v -1.928514 0.510047 1.111154
v -2.106161 0.575167 1.443791
v -2.260621 0.881936 1.612556
v -2.301412 1.250654 1.518588
v -2.204640 1.465330 1.216933
v -2.026993 1.400210 0.884296
v -1.872533 1.093441 0.715531
v -2.010563 0.681952 0.741366
v -2.121696 0.473261 1.042272
v -2.359592 0.528536 1.336885
v -2.584894 0.815398 1.452625
v -2.665623 1.165807 1.321694
v -2.554490 1.374498 1.020789
v -2.316594 1.319223 0.726176
v -2.091292 1.032361 0.610435
v -2.167707 0.609131 0.645336
v -2.292280 0.399167 0.940028
v -2.579004 0.429287 1.191679
v -2.859921 0.681848 1.252877
v -2.970474 1.008903 1.087771
v -2.845901 1.218867 0.793079
v -2.559177 1.188747 0.541427
v -2.278260 0.936186 0.480230
v -2.301625 0.503165 0.520876
v -2.436705 0.286340 0.805809
v -2.757876 0.282218 1.013844
v -3.077002 0.493215 1.023116
v -3.207141 0.795731 0.828195
v -3.072062 1.012556 0.543262
v -2.750890 1.016678 0.335228
v -2.431765 0.805681 0.325955
v -2.405953 0.365674 0.371647
v -2.548158 0.137948 0.644348
v -2.890492 0.095356 0.809997
v -3.232422 0.262847 0.771559
v -3.373649 0.542307 0.551552
v -3.231445 0.770033 0.278851
v -2.889110 0.812625 0.113203
v -2.547180 0.645134 0.151640
v -2.474038 0.204000 0.204843
v -2.619974 -0.037890 0.462987
v -2.972294 -0.120836 0.587234
v -3.324614 0.003751 0.504801
v -3.470550 0.262891 0.263977
v -3.324614 0.504781 0.005833
v -2.972294 0.587727 -0.118414
v -2.619974 0.463139 -0.035981
v -2.501744 0.029445 0.029567
v -2.647680 -0.229694 0.270391
v -3.000000 -0.354281 0.352824
v -3.352320 -0.271336 0.228577
v -3.498256 -0.029445 -0.029567
v -3.352320 0.229694 -0.270391
v -3.000000 0.354281 -0.352824
v -2.647680 0.271336 -0.228577
v -2.488446 -0.145129 -0.144458
v -2.629673 -0.424589 0.075550
v -2.971603 -0.592080 0.113987
v -3.313938 -0.549488 -0.051662
v -3.456142 -0.321762 -0.324362
v -3.314915 -0.042301 -0.544369
v -2.972985 0.125190 -0.582807
v -2.630651 0.082597 -0.417158
v -2.437043 -0.307708 -0.307940
v -2.567183 -0.610224 -0.113019
v -2.886308 -0.821221 -0.122292
v -3.207480 -0.817099 -0.330326
v -3.342560 -0.600273 -0.615259
v -3.212420 -0.297757 -0.810180
v -2.893294 -0.086760 -0.800907
v -2.572123 -0.090882 -0.592873
v -2.353000 -0.449562 -0.453318
v -2.463552 -0.776617 -0.288213
v -2.744470 -1.029178 -0.349410
v -3.031194 -1.059298 -0.601061
v -3.155766 -0.849334 -0.895753
v -3.045214 -0.522279 -1.060859
v -2.764297 -0.269718 -0.999662
v -2.477572 -0.239598 -0.748010
v -2.241560 -0.567089 -0.576390
v -2.322290 -0.917498 -0.445458
v -2.547591 -1.204360 -0.561199
v -2.785487 -1.259636 -0.855812
v -2.896621 -1.050945 -1.156717
v -2.815892 -0.700536 -1.287649
v -2.590590 -0.413674 -1.171908
v -2.352694 -0.358398 -0.877295
v -2.103258 -0.660914 -0.676986
v -2.144049 -1.029632 -0.583018
v -2.298509 -1.336401 -0.751782
v -2.476156 -1.401521 -1.084419
v -2.572928 -1.186845 -1.386075
v -2.532137 -0.818127 -1.480043
v -2.377677 -0.511358 -1.311278
v -2.200030 -0.446238 -0.978641
v -1.931740 -0.730910 -0.756755
v -1.925460 -1.109317 -0.700047
v -2.001844 -1.416475 -0.915143
v -2.116148 -1.472456 -1.276041
v -2.201414 -1.244466 -1.571332
v -2.207694 -0.866060 -1.628040
v -2.131310 -0.558902 -1.412944
v -2.017006 -0.502921 -1.052046
v -1.718647 -0.771285 -0.815298
v -1.663079 -1.149278 -0.793390
v -1.664650 -1.438020 -1.044532
v -1.722439 -1.468370 -1.421607
v -1.802595 -1.222550 -1.703731
v -1.858163 -0.844557 -1.725639
v -1.856593 -0.555814 -1.474497
v -1.798803 -0.525464 -1.097422
v -1.461686 -0.771691 -0.848894
v -1.359375 -1.140366 -0.856527
v -1.296708 -1.398146 -1.132333
v -1.310394 -1.394027 -1.514749
v -1.392416 -1.130422 -1.779762
v -1.494727 -0.761747 -1.772129
v -1.557394 -0.503968 -1.496323
v -1.543708 -0.508087 -1.113906
v -1.167537 -0.722981 -0.852322
v -1.024330 -1.076648 -0.881604
v -0.909794 -1.299095 -1.171165
v -0.891023 -1.260015 -1.551384
v -0.979013 -0.982300 -1.799535
v -1.122220 -0.628632 -1.770254
v -1.236756 -0.406185 -1.480693
v -1.255526 -0.445266 -1.100473
v -0.848715 -0.622084 -0.820963
v -0.672114 -0.959040 -0.862422
v -0.516011 -1.148418 -1.156046
v -0.471849 -1.079281 -1.529832
v -0.565498 -0.792130 -1.764823
v -0.742099 -0.455173 -1.723364
v -0.898202 -0.265796 -1.429741
v -0.942364 -0.334932 -1.055954
v -0.518881 -0.473572 -0.751967
v -0.316755 -0.795453 -0.796518
v -0.126243 -0.957441 -1.086192
v -0.058942 -0.864645 -1.451304
v -0.154278 -0.571425 -1.677974
v -0.356403 -0.249544 -1.633424
v -0.546916 -0.087556 -1.343749
v -0.614216 -0.180352 -0.978638
v -0.189757 -0.288549 -0.644567
v 0.030512 -0.598779 -0.685619
v 0.250627 -0.739271 -0.965365
v 0.341648 -0.627725 -1.319935
v 0.250255 -0.329485 -1.541625
v 0.029985 -0.019255 -1.500573
v -0.190130 0.121237 -1.220827
v -0.281150 0.009691 -0.866257
v 0.129655 -0.082460 -0.499796
v 0.361878 -0.384612 -0.534768
v 0.607929 -0.507424 -0.800893
v 0.723673 -0.378954 -1.142281
v 0.641310 -0.074458 -1.358950
v 0.409087 0.227694 -1.323978
v 0.163036 0.350505 -1.057852
v 0.047291 0.222036 -0.716465
v 0.432322 0.127142 -0.320245
v 0.672257 -0.169392 -0.350990
v 0.941085 -0.275062 -0.602013
v 1.081329 -0.127967 -0.926267
v 1.010838 0.185727 -1.133810
v 0.770903 0.482261 -1.103065
v 0.502076 0.587931 -0.852042
v 0.361831 0.440836 -0.527788
v 0.711986 0.322691 -0.110476
v 0.957944 0.031256 -0.142363
v 1.247008 -0.054318 -0.378087
v 1.409848 0.116098 -0.679564
v 1.351075 0.442676 -0.870192
v 1.105117 0.734111 -0.838305
v 0.816052 0.819685 -0.602581
v 0.653212 0.649269 -0.301104
v 0.962447 0.488764 0.122018
v 1.215317 0.204286 0.082322
v 1.523074 0.144456 -0.137114
v 1.705440 0.344323 -0.407748
v 1.655586 0.686806 -0.571046
v 1.402717 0.971285 -0.531350
v 1.094959 1.031114 -0.311914
v 0.912594 0.831248 -0.041280
v 1.177713 0.614421 0.366308
v 1.440151 0.340881 0.313878
v 1.766098 0.313094 0.115301
v 1.964619 0.547336 -0.113100
v 1.919423 0.906391 -0.237530
v 1.656984 1.179931 -0.185100
v 1.331037 1.207718 0.013477
v 1.132516 0.973476 0.241878
v 1.352887 0.695290 0.609257
v 1.627866 0.437337 0.543735
v 1.971859 0.445138 0.376239
v 2.183358 0.714122 0.204886
v 2.138470 1.086724 0.130052
v 1.863491 1.344676 0.195574
v 1.519498 1.336875 0.363070
v 1.307999 1.067891 0.534423
v 1.485595 0.734090 0.839084
v 1.774780 0.494440 0.765692
v 2.135512 0.534755 0.644474
v 2.356478 0.831419 0.546438
v 2.308240 1.210650 0.529012
v 2.019055 1.450300 0.602405
v 1.658323 1.409985 0.723623
v 1.437357 1.113321 0.821659
v 1.577055 0.738078 1.050140
v 1.879600 0.515226 0.977686
v 2.252675 0.576348 0.918303
v 2.477736 0.885639 0.906777
v 2.422945 1.261922 0.949860
v 2.120400 1.484774 1.022314
v 1.747326 1.423652 1.081697
v 1.522264 1.114361 1.093223
v 1.630911 0.713557 1.245363
v 1.943298 0.501741 1.182154
v 2.320436 0.565614 1.193710
v 2.541404 0.867758 1.273262
v 2.476761 1.231183 1.374210
v 2.164374 1.442998 1.437419
v 1.787236 1.379126 1.425863
v 1.566268 1.076982 1.346310
v 1.649735 0.661226 1.432307
v 1.966896 0.452847 1.382974
v 2.337746 0.501137 1.464125
v 2.545045 0.777807 1.628221
v 2.467360 1.120787 1.779138
v 2.150199 1.329166 1.828470
v 1.779349 1.280876 1.747320
v 1.572050 1.004206 1.583224
v 1.633199 0.577537 1.614951
v 1.950092 0.365816 1.580308
v 2.305275 0.385240 1.721426
v 2.490687 0.624432 1.955640
v 2.397717 0.943275 2.145751
v 2.080825 1.154996 2.180394
v 1.725642 1.135572 2.039276
v 1.540229 0.896380 1.805062
v 1.580162 0.460582 1.789748
v 1.892523 0.240517 1.768559
v 2.225110 0.223877 1.957122
v 2.383098 0.420410 2.244978
v 2.273940 0.714989 2.463506
v 1.961579 0.935053 2.484695
v 1.628992 0.951693 2.296132
v 1.471004 0.755161 2.008276
v 1.491501 0.313970 1.948207
v 1.795614 0.081868 1.938708
v 2.100479 0.025979 2.163164
v 2.227510 0.179043 2.490091
v 2.102293 0.451397 2.727980
v 1.798180 0.683499 2.737478
v 1.493315 0.739388 2.513022
v 1.366284 0.586324 2.186095
v 1.371136 0.146620 2.081115
v 1.663182 -0.100677 2.081532
v 1.935533 -0.197361 2.332378
v 2.028650 -0.086797 2.686710
v 1.887986 0.166249 2.936966
v 1.595940 0.413546 2.936549
v 1.323589 0.510230 2.685703
v 1.230472 0.399666 2.331371
v 1.225731 -0.029378 2.181146
v 1.501132 -0.294954 2.189526
v 1.735146 -0.433711 2.458656
v 1.790690 -0.364365 2.830883
v 1.635228 -0.127540 3.088161
v 1.359827 0.138036 3.079780
v 1.125813 0.276792 2.810650
v 1.070269 0.207447 2.438424
v 1.063977 -0.201176 2.243957
v 1.316877 -0.488055 2.257686
v 1.504721 -0.670056 2.537037
v 1.517473 -0.640565 2.918369
v 1.347662 -0.416858 3.178304
v 1.094761 -0.129979 3.164574
v 0.906917 0.052022 2.885223
v 0.894166 0.022531 2.503891
v 0.895531 -0.357587 2.268510
v 1.118519 -0.668218 2.283713
v 1.250007 -0.893488 2.563733
v 1.212970 -0.901438 2.944537
v 1.029103 -0.687410 3.203055
v 0.806115 -0.376779 3.187852
v 0.674627 -0.151509 2.907832
v 0.711664 -0.143559 2.527028
v 0.729032 -0.491465 2.256532
v 0.913425 -0.826611 2.267617
v 0.976960 -1.091753 2.536149
v 0.882418 -1.131575 2.904826
v 0.685181 -0.922749 3.157682
v 0.500788 -0.587603 3.146597
v 0.437254 -0.322460 2.878065
v 0.531796 -0.282639 2.509387
v 0.569016 -0.600925 2.210238
v 0.706135 -0.958200 2.210115
v 0.691770 -1.253639 2.452923
v 0.534337 -1.314178 2.796430
v 0.326058 -1.104355 3.039412
v 0.188940 -0.747080 3.039535
v 0.203304 -0.451641 2.796726
v 0.360737 -0.391102 2.453220
v 0.413844 -0.687042 2.128471
v 0.497212 -1.060076 2.109980
v 0.401196 -1.369248 2.314039
v 0.182040 -1.433449 2.621115
v -0.031878 -1.215071 2.851326
v -0.115246 -0.842037 2.869817
v -0.019230 -0.532865 2.665757
v 0.199926 -0.468664 2.358682
v 0.258394 -0.748125 2.005057
v 0.285742 -1.127509 1.963032
v 0.113289 -1.430395 2.121042
v -0.157945 -1.479355 2.386525
v -0.369076 -1.245710 2.603966
v -0.396424 -0.866325 2.645991
v -0.223971 -0.563440 2.487982
v 0.047264 -0.514480 2.222498
v 0.100470 -0.776397 1.833058
v 0.074473 -1.152146 1.765356
v -0.161842 -1.431558 1.877296
v -0.470047 -1.450957 2.103305
v -0.669598 -1.198979 2.310991
v -0.643601 -0.823230 2.378693
v -0.407286 -0.543819 2.266753
v -0.099081 -0.524420 2.040744
v -0.055667 -0.761218 1.610872
v -0.127734 -1.125327 1.517720
v -0.412208 -1.371431 1.588106
v -0.742447 -1.355365 1.780799
v -0.925002 -1.086541 1.982922
v -0.852934 -0.722432 2.076074
v -0.568460 -0.476328 2.005688
v -0.238221 -0.492394 1.812995
v -0.200930 -0.695076 1.343815
v -0.308344 -1.043172 1.226608
v -0.625841 -1.254104 1.260522
v -0.967435 -1.204309 1.425690
v -1.133025 -0.922958 1.625360
v -1.025611 -0.574862 1.742567
v -0.708114 -0.363930 1.708654
v -0.366520 -0.413724 1.543485
v -0.325069 -0.577437 1.041417
v -0.455655 -0.909062 0.902067
v -0.793603 -1.088609 0.902930
v -1.140947 -1.010901 1.043502
v -1.294218 -0.721459 1.241436
v -1.163631 -0.389834 1.380786
v -0.825683 -0.210287 1.379922
v -0.478339 -0.287995 1.239351
v -0.419600 -0.415259 0.714063
v -0.562129 -0.732837 0.555078
v -0.911028 -0.887071 0.524609
v -1.261916 -0.787612 0.640504
v -1.409249 -0.492722 0.834874
v -1.266720 -0.175144 0.993859
v -0.917821 -0.020910 1.024328
v -0.566933 -0.120369 0.908432
v -0.479017 -0.221350 0.371052
v -0.625300 -0.528524 0.195861
v -0.978459 -0.662845 0.135171
v -1.331618 -0.545630 0.224535
v -1.477902 -0.245541 0.411604
v -1.331618 0.061633 0.586796
v -0.978459 0.195954 0.647485
v -0.625300 0.078739 0.558121
usemtl None
s off
f 10 9 1
f 11 10 2
f 12 11 3
f 13 12 4
f 6 14 13
f 7 15 14
f 8 16 15
f 1 9 16
f 18 17 9
f 19 18 10
f 20 19 11
f 21 20 12
f 22 21 13
f 15 23 22
f 16 24 23
f 9 17 24
f 26 25 17
f 27 26 18
f 28 27 19
f 29 28 20
f 30 29 21
f 23 31 30
f 24 32 31
f 17 25 32
f 34 33 25
f 35 34 26
f 36 35 27
f 37 36 28
f 38 37 29
f 39 38 30
f 32 40 39
f 33 40 32
f 42 41 33
f 43 42 34
f 44 43 35
f 45 44 36
f 46 45 37
f 47 46 38
f 40 48 47
f 41 48 40
f 50 49 41
f 51 50 42
f 52 51 43
f 53 52 44
f 54 53 45
f 55 54 46
f 48 56 55
f 49 56 48
f 58 57 49
f 59 58 50
f 60 59 51
f 61 60 52
f 62 61 53
f 55 63 62
f 56 64 63
f 49 57 64
f 66 65 57
f 67 66 58
f 68 67 59
f 69 68 60
f 70 69 61
f 63 71 70
f 64 72 71
f 57 65 72
f 74 73 65
f 75 74 66
f 76 75 67
f 77 76 68
f 78 77 69
f 71 79 78
f 72 80 79
f 65 73 80
f 82 81 73
f 83 82 74
f 84 83 75
f 85 84 76
f 78 86 85
f 79 87 86
f 80 88 87
f 73 81 88
f 90 89 81
f 91 90 82
f 92 91 83
f 93 92 84
f 86 94 93
f 87 95 94
f 88 96 95
f 81 89 96
f 98 97 89
f 99 98 90
f 100 99 91
f 101 100 92
f 94 102 101
f 95 103 102
f 96 104 103
f 89 97 104
f 106 105 97
f 107 106 98
f 108 107 99
f 109 108 100
f 102 110 109
f 103 111 110
f 104 112 111
f 97 105 112
f 114 113 105
f 115 114 106
f 116 115 107
f 117 116 108
f 110 118 117
f 111 119 118
f 112 120 119
f 105 113 120
f 122 121 113
f 123 122 114
f 124 123 115
f 125 124 116
f 118 126 125
f 119 127 126
f 120 128 127
f 113 121 128
f 130 129 121
f 131 130 122
f 132 131 123
f 133 132 124
f 126 134 133
f 127 135 134
f 128 136 135
f 121 129 136
f 138 137 129
f 139 138 130
f 140 139 131
f 141 140 132
f 134 142 141
f 135 143 142
f 136 144 143
f 137 144 136
f 146 145 137
f 147 146 138
f 148 147 139
f 149 148 140
f 142 150 149
f 143 151 150
f 144 152 151
f 145 152 144
f 154 153 145
f 155 154 146
f 156 155 147
f 157 156 148
f 150 158 157
f 151 159 158
f 152 160 159
f 153 160 152
f 162 161 153
f 163 162 154
f 164 163 155
f 165 164 156
f 166 165 157
f 159 167 166
f 168 167 159
f 161 168 160
f 170 169 161
f 171 170 162
f 172 171 163
f 173 172 164
f 174 173 165
f 167 175 174
f 176 175 167
f 169 176 168
f 178 177 169
f 179 178 170
f 180 179 171
f 181 180 172
f 182 181 173
f 175 183 182
f 184 183 175
f 177 184 176
f 186 185 177
f 187 186 178
f 188 187 179
f 189 188 180
f 190 189 181
f 183 191 190
f 192 191 183
f 185 192 184
f 194 193 185
f 195 194 186
f 196 195 187
f 197 196 188
f 190 198 197
f 191 199 198
f 192 200 199
f 193 200 192
f 202 201 193
f 203 202 194
f 204 203 195
f 205 204 196
f 198 206 205
f 199 207 206
f 200 208 207
f 201 208 200
f 210 209 201
f 211 210 202
f 212 211 203
f 213 212 204
f 206 214 213
f 207 215 214
f 208 216 215
f 201 209 216
f 218 217 209
f 219 218 210
f 220 219 211
f 221 220 212
f 214 222 221
f 215 223 222
f 216 224 223
f 209 217 224
f 226 225 217
f 227 226 218
f 228 227 219
f 229 228 220
f 222 230 229
f 223 231 230
f 224 232 231
f 217 225 232
f 234 233 225
f 235 234 226
f 236 235 227
f 237 236 228
f 238 237 229
f 231 239 238
f 232 240 239
f 225 233 240
f 242 241 233
f 243 242 234
f 244 243 235
f 245 244 236
f 246 245 237
f 247 246 238
f 240 248 247
f 241 248 240
f 250 249 241
f 251 250 242
f 252 251 243
f 253 252 244
f 254 253 245
f 255 254 246
f 248 256 255
f 249 256 248
f 258 257 249
f 259 258 250
f 260 259 251
f 261 260 252
f 262 261 253
f 263 262 254
f 256 264 263
f 257 264 256
f 266 265 257
f 267 266 258
f 268 267 259
f 269 268 260
f 270 269 261
f 263 271 270
f 264 272 271
f 265 272 264
f 274 273 265
f 275 274 266
f 276 275 267
f 277 276 268
f 278 277 269
f 271 279 278
f 272 280 279
f 265 273 280
f 282 281 273
f 283 282 274
f 284 283 275
f 285 284 276
f 286 285 277
f 279 287 286
f 280 288 287
f 273 281 288
f 290 289 281
f 291 290 282
f 292 291 283
f 293 292 284
f 294 293 285
f 287 295 294
f 288 296 295
f 281 289 296
f 298 297 289
f 299 298 290
f 300 299 291
f 301 300 292
f 294 302 301
f 295 303 302
f 296 304 303
f 289 297 304
f 306 305 297
f 307 306 298
f 308 307 299
f 309 308 300
f 302 310 309
f 303 311 310
f 304 312 311
f 297 305 312
f 314 313 305
f 315 314 306
f 316 315 307
f 317 316 308
f 310 318 317
f 311 319 318
f 312 320 319
f 305 313 320
f 322 321 313
f 323 322 314
f 324 323 315
f 325 324 316
f 318 326 325
f 319 327 326
f 320 328 327
f 313 321 328
f 330 329 321
f 331 330 322
f 332 331 323
f 333 332 324
f 326 334 333
f 327 335 334
f 328 336 335
f 321 329 336
f 338 337 329
f 339 338 330
f 340 339 331
f 341 340 332
f 334 342 341
f 335 343 342
f 336 344 343
f 329 337 344
f 346 345 337
f 347 346 338
f 348 347 339
f 349 348 340
f 342 350 349
f 343 351 350
f 344 352 351
f 337 345 352
f 354 353 345
f 355 354 346
f 356 355 347
f 357 356 348
f 350 358 357
f 351 359 358
f 352 360 359
f 353 360 352
f 362 361 353
f 363 362 354
f 364 363 355
f 365 364 356
f 358 366 365
f 359 367 366
f 360 368 367
f 361 368 360
f 370 369 361
f 371 370 362
f 372 371 363
f 373 372 364
f 366 374 373
f 367 375 374
f 368 376 375
f 369 376 368
f 378 377 369
f 379 378 370
f 380 379 371
f 381 380 372
f 382 381 373
f 375 383 382
f 384 383 375
f 377 384 376
f 386 385 377
f 387 386 378
f 388 387 379
f 389 388 380
f 390 389 381
f 383 391 390
f 392 391 383
f 385 392 384
f 394 393 385
f 395 394 386
f 396 395 387
f 397 396 388
f 398 397 389
f 391 399 398
f 400 399 391
f 393 400 392
f 402 401 393
f 403 402 394
f 404 403 395
f 405 404 396
f 406 405 397
f 399 407 406
f 408 407 399
f 401 408 400
f 410 409 401
f 411 410 402
f 412 411 403
f 413 412 404
f 406 414 413
f 407 415 414
f 408 416 415
f 409 416 408
f 418 417 409
f 419 418 410
f 420 419 411
f 421 420 412
f 414 422 421
f 415 423 422
f 416 424 423
f 417 424 416
f 426 425 417
f 427 426 418
f 428 427 419
f 429 428 420
f 422 430 429
f 423 431 430
f 424 432 431
f 417 425 432
f 434 433 425
f 435 434 426
f 436 435 427
f 437 436 428
f 430 438 437
f 431 439 438
f 432 440 439
f 425 433 440
f 442 441 433
f 443 442 434
f 444 443 435
f 445 444 436
f 446 445 437
f 439 447 446
f 440 448 447
f 433 441 448
f 450 449 441
f 451 450 442
f 452 451 443
f 453 452 444
f 454 453 445
f 447 455 454
f 448 456 455
f 441 449 456
f 458 457 449
f 459 458 450
f 460 459 451
f 461 460 452
f 462 461 453
f 463 462 454
f 456 464 463
f 457 464 456
f 466 465 457
f 467 466 458
f 468 467 459
f 469 468 460
f 470 469 461
f 471 470 462
f 464 472 471
f 465 472 464
f 474 473 465
f 475 474 466
f 476 475 467
f 477 476 468
f 478 477 469
f 479 478 470
f 472 480 479
f 473 480 472
f 482 481 473
f 483 482 474
f 484 483 475
f 485 484 476
f 486 485 477
f 479 487 486
f 480 488 487
f 481 488 480
f 490 489 481
f 491 490 482
f 492 491 483
f 493 492 484
f 494 493 485
f 487 495 494
f 488 496 495
f 481 489 496
f 498 497 489
f 499 498 490
f 500 499 491
f 501 500 492
f 502 501 493
f 495 503 502
f 496 504 503
f 489 497 504
f 506 505 497
f 507 506 498
f 508 507 499
f 509 508 500
f 510 509 501
f 503 511 510
f 504 512 511
f 497 505 512
f 514 513 505
f 515 514 506
f 516 515 507
f 517 516 508
f 510 518 517
f 511 519 518
f 512 520 519
f 505 513 520
f 522 521 513
f 523 522 514
f 524 523 515
f 525 524 516
f 518 526 525
f 519 527 526
f 520 528 527
f 513 521 528
f 530 529 521
f 531 530 522
f 532 531 523
f 533 532 524
f 526 534 533
f 527 535 534
f 528 536 535
f 521 529 536
f 538 537 529
f 539 538 530
f 540 539 531
f 541 540 532
f 534 542 541
f 535 543 542
f 536 544 543
f 529 537 544
f 546 545 537
f 547 546 538
f 548 547 539
f 549 548 540
f 542 550 549
f 543 551 550
f 544 552 551
f 537 545 552
f 554 553 545
f 555 554 546
f 556 555 547
f 557 556 548
f 550 558 557
f 551 559 558
f 552 560 559
f 545 553 560
f 562 561 553
f 563 562 554
f 564 563 555
f 565 564 556
f 558 566 565
f 559 567 566
f 560 568 567
f 553 561 568
f 570 569 561
f 571 570 562
f 572 571 563
f 573 572 564
f 566 574 573
f 567 575 574
f 568 576 575
f 569 576 568
f 578 577 569
f 579 578 570
f 580 579 571
f 581 580 572
f 574 582 581
f 575 583 582
f 576 584 583
f 577 584 576
f 586 585 577
f 587 586 578
f 588 587 579
f 589 588 580
f 582 590 589
f 583 591 590
f 584 592 591
f 585 592 584
f 594 593 585
f 595 594 586
f 596 595 587
f 597 596 588
f 598 597 589
f 591 599 598
f 600 599 591
f 593 600 592
f 602 601 593
f 603 602 594
f 604 603 595
f 605 604 596
f 606 605 597
f 599 607 606
f 608 607 599
f 601 608 600
f 610 609 601
f 611 610 602
f 612 611 603
f 613 612 604
f 614 613 605
f 607 615 614
f 616 615 607
f 609 616 608
f 618 617 609
f 619 618 610
f 620 619 611
f 621 620 612
f 622 621 613
f 615 623 622
f 616 624 623
f 617 624 616
f 626 625 617
f 627 626 618
f 628 627 619
f 629 628 620
f 622 630 629
f 623 631 630
f 624 632 631
f 625 632 624
f 634 633 625
f 635 634 626
f 636 635 627
f 637 636 628
f 630 638 637
f 631 639 638
f 632 640 639
f 625 633 640
f 2 1 633
f 3 2 634
f 4 3 635
f 5 4 636
f 638 6 5
f 639 7 6
f 640 8 7
f 633 1 8
f 2 10 1
f 3 11 2
f 4 12 3
f 5 13 4
f 5 6 13
f 6 7 14
f 7 8 15
f 8 1 16
f 10 18 9
f 11 19 10
f 12 20 11
f 13 21 12
f 14 22 13
f 14 15 22
f 15 16 23
f 16 9 24
f 18 26 17
f 19 27 18
f 20 28 19
f 21 29 20
f 22 30 21
f 22 23 30
f 23 24 31
f 24 17 32
f 26 34 25
f 27 35 26
f 28 36 27
f 29 37 28
f 30 38 29
f 31 39 30
f 31 32 39
f 25 33 32
f 34 42 33
f 35 43 34
f 36 44 35
f 37 45 36
f 38 46 37
f 39 47 38
f 39 40 47
f 33 41 40
f 42 50 41
f 43 51 42
f 44 52 43
f 45 53 44
f 46 54 45
f 47 55 46
f 47 48 55
f 41 49 48
f 50 58 49
f 51 59 50
f 52 60 51
f 53 61 52
f 54 62 53
f 54 55 62
f 55 56 63
f 56 49 64
f 58 66 57
f 59 67 58
f 60 68 59
f 61 69 60
f 62 70 61
f 62 63 70
f 63 64 71
f 64 57 72
f 66 74 65
f 67 75 66
f 68 76 67
f 69 77 68
f 70 78 69
f 70 71 78
f 71 72 79
f 72 65 80
f 74 82 73
f 75 83 74
f 76 84 75
f 77 85 76
f 77 78 85
f 78 79 86
f 79 80 87
f 80 73 88
f 82 90 81
f 83 91 82
f 84 92 83
f 85 93 84
f 85 86 93
f 86 87 94
f 87 88 95
f 88 81 96
f 90 98 89
f 91 99 90
f 92 100 91
f 93 101 92
f 93 94 101
f 94 95 102
f 95 96 103
f 96 89 104
f 98 106 97
f 99 107 98
f 100 108 99
f 101 109 100
f 101 102 109
f 102 103 110
f 103 104 111
f 104 97 112
f 106 114 105
f 107 115 106
f 108 116 107
f 109 117 108
f 109 110 117
f 110 111 118
f 111 112 119
f 112 105 120
f 114 122 113
f 115 123 114
f 116 124 115
f 117 125 116
f 117 118 125
f 118 119 126
f 119 120 127
f 120 113 128
f 122 130 121
f 123 131 122
f 124 132 123
f 125 133 124
f 125 126 133
f 126 127 134
f 127 128 135
f 128 121 136
f 130 138 129
f 131 139 130
f 132 140 131
f 133 141 132
f 133 134 141
f 134 135 142
f 135 136 143
f 129 137 136
f 138 146 137
f 139 147 138
f 140 148 139
f 141 149 140
f 141 142 149
f 142 143 150
f 143 144 151
f 137 145 144
f 146 154 145
f 147 155 146
f 148 156 147
f 149 157 148
f 149 150 157
f 150 151 158
f 151 152 159
f 145 153 152
f 154 162 153
f 155 163 154
f 156 164 155
f 157 165 156
f 158 166 157
f 158 159 166
f 160 168 159
f 153 161 160
f 162 170 161
f 163 171 162
f 164 172 163
f 165 173 164
f 166 174 165
f 166 167 174
f 168 176 167
f 161 169 168
f 170 178 169
f 171 179 170
f 172 180 171
f 173 181 172
f 174 182 173
f 174 175 182
f 176 184 175
f 169 177 176
f 178 186 177
f 179 187 178
f 180 188 179
f 181 189 180
f 182 190 181
f 182 183 190
f 184 192 183
f 177 185 184
f 186 194 185
f 187 195 186
f 188 196 187
f 189 197 188
f 189 190 197
f 190 191 198
f 191 192 199
f 185 193 192
f 194 202 193
f 195 203 194
f 196 204 195
f 197 205 196
f 197 198 205
f 198 199 206
f 199 200 207
f 193 201 200
f 202 210 201
f 203 211 202
f 204 212 203
f 205 213 204
f 205 206 213
f 206 207 214
f 207 208 215
f 208 201 216
f 210 218 209
f 211 219 210
f 212 220 211
f 213 221 212
f 213 214 221
f 214 215 222
f 215 216 223
f 216 209 224
f 218 226 217
f 219 227 218
f 220 228 219
f 221 229 220
f 221 222 229
f 222 223 230
f 223 224 231
f 224 217 232
f 226 234 225
f 227 235 226
f 228 236 227
f 229 237 228
f 230 238 229
f 230 231 238
f 231 232 239
f 232 225 240
f 234 242 233
f 235 243 234
f 236 244 235
f 237 245 236
f 238 246 237
f 239 247 238
f 239 240 247
f 233 241 240
f 242 250 241
f 243 251 242
f 244 252 243
f 245 253 244
f 246 254 245
f 247 255 246
f 247 248 255
f 241 249 248
f 250 258 249
f 251 259 250
f 252 260 251
f 253 261 252
f 254 262 253
f 255 263 254
f 255 256 263
f 249 257 256
f 258 266 257
f 259 267 258
f 260 268 259
f 261 269 260
f 262 270 261
f 262 263 270
f 263 264 271
f 257 265 264
f 266 274 265
f 267 275 266
f 268 276 267
f 269 277 268
f 270 278 269
f 270 271 278
f 271 272 279
f 272 265 280
f 274 282 273
f 275 283 274
f 276 284 275
f 277 285 276
f 278 286 277
f 278 279 286
f 279 280 287
f 280 273 288
f 282 290 281
f 283 291 282
f 284 292 283
f 285 293 284
f 286 294 285
f 286 287 294
f 287 288 295
f 288 281 296
f 290 298 289
f 291 299 290
f 292 300 291
f 293 301 292
f 293 294 301
f 294 295 302
f 295 296 303
f 296 289 304
f 298 306 297
f 299 307 298
f 300 308 299
f 301 309 300
f 301 302 309
f 302 303 310
f 303 304 311
f 304 297 312
f 306 314 305
f 307 315 306
f 308 316 307
f 309 317 308
f 309 310 317
f 310 311 318
f 311 312 319
f 312 305 320
f 314 322 313
f 315 323 314
f 316 324 315
f 317 325 316
f 317 318 325
f 318 319 326
f 319 320 327
f 320 313 328
f 322 330 321
f 323 331 322
f 324 332 323
f 325 333 324
f 325 326 333
f 326 327 334
f 327 328 335
f 328 321 336
f 330 338 329
f 331 339 330
f 332 340 331
f 333 341 332
f 333 334 341
f 334 335 342
f 335 336 343
f 336 329 344
f 338 346 337
f 339 347 338
f 340 348 339
f 341 349 340
f 341 342 349
f 342 343 350
f 343 344 351
f 344 337 352
f 346 354 345
f 347 355 346
f 348 356 347
f 349 357 348
f 349 350 357
f 350 351 358
f 351 352 359
f 345 353 352
f 354 362 353
f 355 363 354
f 356 364 355
f 357 365 356
f 357 358 365
f 358 359 366
f 359 360 367
f 353 361 360
f 362 370 361
f 363 371 362
f 364 372 363
f 365 373 364
f 365 366 373
f 366 367 374
f 367 368 375
f 361 369 368
f 370 378 369
f 371 379 370
f 372 380 371
f 373 381 372
f 374 382 373
f 374 375 382
f 376 384 375
f 369 377 376
f 378 386 377
f 379 387 378
f 380 388 379
f 381 389 380
f 382 390 381
f 382 383 390
f 384 392 383
f 377 385 384
f 386 394 385
f 387 395 386
f 388 396 387
f 389 397 388
f 390 398 389
f 390 391 398
f 392 400 391
f 385 393 392
f 394 402 393
f 395 403 394
f 396 404 395
f 397 405 396
f 398 406 397
f 398 399 406
f 400 408 399
f 393 401 400
f 402 410 401
f 403 411 402
f 404 412 403
f 405 413 404
f 405 406 413
f 406 407 414
f 407 408 415
f 401 409 408
f 410 418 409
f 411 419 410
f 412 420 411
f 413 421 412
f 413 414 421
f 414 415 422
f 415 416 423
f 409 417 416
f 418 426 417
f 419 427 418
f 420 428 419
f 421 429 420
f 421 422 429
f 422 423 430
f 423 424 431
f 424 417 432
f 426 434 425
f 427 435 426
f 428 436 427
f 429 437 428
f 429 430 437
f 430 431 438
f 431 432 439
f 432 425 440
f 434 442 433
f 435 443 434
f 436 444 435
f 437 445 436
f 438 446 437
f 438 439 446
f 439 440 447
f 440 433 448
f 442 450 441
f 443 451 442
f 444 452 443
f 445 453 444
f 446 454 445
f 446 447 454
f 447 448 455
f 448 441 456
f 450 458 449
f 451 459 450
f 452 460 451
f 453 461 452
f 454 462 453
f 455 463 454
f 455 456 463
f 449 457 456
f 458 466 457
f 459 467 458
f 460 468 459
f 461 469 460
f 462 470 461
f 463 471 462
f 463 464 471
f 457 465 464
f 466 474 465
f 467 475 466
f 468 476 467
f 469 477 468
f 470 478 469
f 471 479 470
f 471 472 479
f 465 473 472
f 474 482 473
f 475 483 474
f 476 484 475
f 477 485 476
f 478 486 477
f 478 479 486
f 479 480 487
f 473 481 480
f 482 490 481
f 483 491 482
f 484 492 483
f 485 493 484
f 486 494 485
f 486 487 494
f 487 488 495
f 488 481 496
f 490 498 489
f 491 499 490
f 492 500 491
f 493 501 492
f 494 502 493
f 494 495 502
f 495 496 503
f 496 489 504
f 498 506 497
f 499 507 498
f 500 508 499
f 501 509 500
f 502 510 501
f 502 503 510
f 503 504 511
f 504 497 512
f 506 514 505
f 507 515 506
f 508 516 507
f 509 517 508
f 509 510 517
f 510 511 518
f 511 512 519
f 512 505 520
f 514 522 513
f 515 523 514
f 516 524 515
f 517 525 516
f 517 518 525
f 518 519 526
f 519 520 527
f 520 513 528
f 522 530 521
f 523 531 522
f 524 532 523
f 525 533 524
f 525 526 533
f 526 527 534
f 527 528 535
f 528 521 536
f 530 538 529
f 531 539 530
f 532 540 531
f 533 541 532
f 533 534 541
f 534 535 542
f 535 536 543
f 536 529 544
f 538 546 537
f 539 547 538
f 540 548 539
f 541 549 540
f 541 542 549
f 542 543 550
f 543 544 551
f 544 537 552
f 546 554 545
f 547 555 546
f 548 556 547
f 549 557 548
f 549 550 557
f 550 551 558
f 551 552 559
f 552 545 560
f 554 562 553
f 555 563 554
f 556 564 555
f 557 565 556
f 557 558 565
f 558 559 566
f 559 560 567
f 560 553 568
f 562 570 561
f 563 571 562
f 564 572 563
f 565 573 564
f 565 566 573
f 566 567 574
f 567 568 575
f 561 569 568
f 570 578 569
f 571 579 570
f 572 580 571
f 573 581 572
f 573 574 581
f 574 575 582
f 575 576 583
f 569 577 576
f 578 586 577
f 579 587 578
f 580 588 579
f 581 589 580
f 581 582 589
f 582 583 590
f 583 584 591
f 577 585 584
f 586 594 585
f 587 595 586
f 588 596 587
f 589 597 588
f 590 598 589
f 590 591 598
f 592 600 591
f 585 593 592
f 594 602 593
f 595 603 594
f 596 604 595
f 597 605 596
f 598 606 597
f 598 599 606
f 600 608 599
f 593 601 600
f 602 610 601
f 603 611 602
f 604 612 603
f 605 613 604
f 606 614 605
f 606 607 614
f 608 616 607
f 601 609 608
f 610 618 609
f 611 619 610
f 612 620 611
f 613 621 612
f 614 622 613
f 614 615 622
f 615 616 623
f 609 617 616
f 618 626 617
f 619 627 618
f 620 628 619
f 621 629 620
f 621 622 629
f 622 623 630
f 623 624 631
f 617 625 624
f 626 634 625
f 627 635 626
f 628 636 627
f 629 637 628
f 629 630 637
f 630 631 638
f 631 632 639
f 632 625 640
f 634 2 633
f 635 3 634
f 636 4 635
f 637 5 636
f 637 638 5
f 638 639 6
f 639 640 7
f 640 633 8
