# Blender v2.71 (sub 0) OBJ File: ''
# www.blender.org
mtllib twistedtorus.mtl
o TwistedTorus
v 1.250000 0.000000 0.000000
v 1.216506 0.125000 0.000000
v 1.125000 0.216506 0.000000
v 1.000000 0.250000 0.000000
v 0.875000 0.216506 0.000000
v 0.783494 0.125000 0.000000
v 0.750000 0.000000 0.000000
v 0.783494 -0.125000 0.000000
v 0.875000 -0.216506 0.000000
v 1.000000 -0.250000 0.000000
v 1.125000 -0.216506 0.000000
v 1.216506 -0.125000 0.000000
v 1.237186 0.032632 -0.162879
v 1.188086 0.152190 -0.156415
v 1.086297 0.230970 -0.143014
v 0.959092 0.247861 -0.126267
v 0.840557 0.198338 -0.110661
v 0.762451 0.095671 -0.100379
v 0.745704 -0.032632 -0.098174
v 0.794803 -0.152190 -0.104638
v 0.896592 -0.230970 -0.118039
v 1.023797 -0.247861 -0.134785
v 1.142333 -0.198338 -0.150391
v 1.220439 -0.095671 -0.160674
v 1.199179 0.064705 -0.321319
v 1.136679 0.176777 -0.304572
v 1.028426 0.241481 -0.275566
v 0.903426 0.241481 -0.242072
v 0.795173 0.176777 -0.213066
v 0.732673 0.064705 -0.196319
v 0.732673 -0.064705 -0.196319
v 0.795173 -0.176777 -0.213066
v 0.903426 -0.241481 -0.242072
v 1.028426 -0.241481 -0.275566
v 1.136679 -0.176777 -0.304572
v 1.199179 -0.064705 -0.321319
v 1.137268 0.095671 -0.471072
v 1.064485 0.198338 -0.440924
v 0.954027 0.247861 -0.395171
v 0.835491 0.230970 -0.346072
v 0.740639 0.152190 -0.306783
v 0.694886 0.032632 -0.287831
v 0.710491 -0.095671 -0.294295
v 0.783274 -0.198338 -0.324443
v 0.893732 -0.247861 -0.370196
v 1.012268 -0.230970 -0.419295
v 1.107120 -0.152190 -0.458584
v 1.152874 -0.032632 -0.477536
v 1.053525 0.125000 -0.608253
v 0.974279 0.216506 -0.562500
v 0.866025 0.250000 -0.500000
v 0.757772 0.216506 -0.437500
v 0.678525 0.125000 -0.391747
v 0.649519 0.000000 -0.375000
v 0.678525 -0.125000 -0.391747
v 0.757772 -0.216506 -0.437500
v 0.866025 -0.250000 -0.500000
v 0.974279 -0.216506 -0.562500
v 1.053525 -0.125000 -0.608253
v 1.082532 -0.000000 -0.625000
v 0.950706 0.152190 -0.729502
v 0.869254 0.230970 -0.667002
v 0.767465 0.247861 -0.588897
v 0.672613 0.198338 -0.516114
v 0.610113 0.095671 -0.468156
v 0.596712 -0.032632 -0.457873
v 0.636001 -0.152190 -0.488021
v 0.717453 -0.230970 -0.550521
v 0.819242 -0.247861 -0.628626
v 0.914094 -0.198338 -0.701409
v 0.976594 -0.095671 -0.749367
v 0.989995 0.032632 -0.759650
v 0.832107 0.176777 -0.832107
v 0.752860 0.241481 -0.752860
v 0.661354 0.241481 -0.661354
v 0.582107 0.176777 -0.582107
v 0.536354 0.064705 -0.536354
v 0.536354 -0.064705 -0.536354
v 0.582107 -0.176777 -0.582107
v 0.661354 -0.241481 -0.661354
v 0.752860 -0.241481 -0.752860
v 0.832107 -0.176777 -0.832107
v 0.877860 -0.064705 -0.877860
v 0.877860 0.064705 -0.877860
v 0.701409 0.198338 -0.914094
v 0.628626 0.247861 -0.819242
v 0.550521 0.230970 -0.717452
v 0.488021 0.152190 -0.636001
v 0.457873 0.032632 -0.596712
v 0.468156 -0.095671 -0.610112
v 0.516114 -0.198338 -0.672613
v 0.588897 -0.247861 -0.767465
v 0.667002 -0.230970 -0.869254
v 0.729502 -0.152190 -0.950706
v 0.759650 -0.032632 -0.989995
v 0.749367 0.095671 -0.976594
v 0.562500 0.216506 -0.974279
v 0.500000 0.250000 -0.866025
v 0.437500 0.216506 -0.757772
v 0.391747 0.125000 -0.678525
v 0.375000 0.000000 -0.649519
v 0.391747 -0.125000 -0.678525
v 0.437500 -0.216506 -0.757772
v 0.500000 -0.250000 -0.866025
v 0.562500 -0.216506 -0.974279
v 0.608253 -0.125000 -1.053525
v 0.625000 -0.000000 -1.082532
v 0.608253 0.125000 -1.053525
v 0.419295 0.230970 -1.012268
v 0.370196 0.247861 -0.893732
v 0.324443 0.198338 -0.783274
v 0.294295 0.095671 -0.710491
v 0.287831 -0.032632 -0.694886
v 0.306783 -0.152190 -0.740639
v 0.346072 -0.230970 -0.835491
v 0.395171 -0.247861 -0.954027
v 0.440924 -0.198338 -1.064485
v 0.471072 -0.095671 -1.137268
v 0.477536 0.032632 -1.152873
v 0.458584 0.152190 -1.107120
v 0.275566 0.241481 -1.028426
v 0.242072 0.241481 -0.903426
v 0.213066 0.176777 -0.795173
v 0.196319 0.064705 -0.732673
v 0.196319 -0.064705 -0.732673
v 0.213066 -0.176777 -0.795173
v 0.242072 -0.241481 -0.903426
v 0.275566 -0.241481 -1.028426
v 0.304572 -0.176777 -1.136679
v 0.321319 -0.064705 -1.199179
v 0.321319 0.064705 -1.199179
v 0.304572 0.176777 -1.136679
v 0.134785 0.247861 -1.023797
v 0.118039 0.230970 -0.896592
v 0.104638 0.152190 -0.794803
v 0.098174 0.032632 -0.745704
v 0.100378 -0.095671 -0.762451
v 0.110661 -0.198338 -0.840557
v 0.126267 -0.247861 -0.959092
v 0.143014 -0.230970 -1.086297
v 0.156414 -0.152190 -1.188087
v 0.162878 -0.032632 -1.237186
v 0.160674 0.095671 -1.220439
v 0.150391 0.198338 -1.142333
v 0.000000 0.250000 -1.000000
v 0.000000 0.216506 -0.875000
v 0.000000 0.125000 -0.783494
v 0.000000 0.000000 -0.750000
v 0.000000 -0.125000 -0.783494
v 0.000000 -0.216506 -0.875000
v 0.000000 -0.250000 -1.000000
v 0.000000 -0.216506 -1.125000
v 0.000000 -0.125000 -1.216506
v 0.000000 -0.000000 -1.250000
v 0.000000 0.125000 -1.216506
v 0.000000 0.216506 -1.125000
v -0.126267 0.247861 -0.959092
v -0.110662 0.198338 -0.840557
v -0.100379 0.095671 -0.762451
v -0.098174 -0.032632 -0.745704
v -0.104638 -0.152190 -0.794803
v -0.118039 -0.230970 -0.896592
v -0.134786 -0.247861 -1.023797
v -0.150391 -0.198338 -1.142333
v -0.160674 -0.095671 -1.220439
v -0.162879 0.032632 -1.237186
v -0.156415 0.152190 -1.188086
v -0.143014 0.230970 -1.086297
v -0.242072 0.241481 -0.903426
v -0.213066 0.176777 -0.795173
v -0.196319 0.064705 -0.732673
v -0.196319 -0.064705 -0.732673
v -0.213066 -0.176777 -0.795173
v -0.242072 -0.241481 -0.903426
v -0.275566 -0.241481 -1.028426
v -0.304572 -0.176777 -1.136679
v -0.321319 -0.064705 -1.199179
v -0.321319 0.064705 -1.199179
v -0.304572 0.176777 -1.136679
v -0.275566 0.241481 -1.028426
v -0.346072 0.230970 -0.835491
v -0.306783 0.152190 -0.740639
v -0.287831 0.032632 -0.694886
v -0.294295 -0.095671 -0.710491
v -0.324443 -0.198338 -0.783274
v -0.370196 -0.247861 -0.893732
v -0.419295 -0.230970 -1.012268
v -0.458584 -0.152190 -1.107120
v -0.477536 -0.032632 -1.152874
v -0.471072 0.095671 -1.137268
v -0.440924 0.198338 -1.064485
v -0.395171 0.247861 -0.954027
v -0.437500 0.216506 -0.757772
v -0.391747 0.125000 -0.678525
v -0.375000 0.000000 -0.649519
v -0.391747 -0.125000 -0.678525
v -0.437500 -0.216506 -0.757772
v -0.500000 -0.250000 -0.866026
v -0.562500 -0.216506 -0.974279
v -0.608253 -0.125000 -1.053525
v -0.625000 -0.000000 -1.082532
v -0.608253 0.125000 -1.053525
v -0.562500 0.216506 -0.974279
v -0.500000 0.250000 -0.866026
v -0.516114 0.198338 -0.672613
v -0.468156 0.095671 -0.610113
v -0.457873 -0.032632 -0.596712
v -0.488021 -0.152190 -0.636001
v -0.550521 -0.230970 -0.717453
v -0.628626 -0.247861 -0.819242
v -0.701409 -0.198338 -0.914094
v -0.749367 -0.095671 -0.976594
v -0.759650 0.032632 -0.989995
v -0.729502 0.152190 -0.950706
v -0.667002 0.230970 -0.869254
v -0.588897 0.247861 -0.767465
v -0.582107 0.176777 -0.582107
v -0.536354 0.064705 -0.536353
v -0.536354 -0.064705 -0.536353
v -0.582107 -0.176777 -0.582107
v -0.661354 -0.241481 -0.661353
v -0.752860 -0.241481 -0.752860
v -0.832107 -0.176777 -0.832107
v -0.877860 -0.064705 -0.877860
v -0.877860 0.064705 -0.877860
v -0.832107 0.176777 -0.832107
v -0.752860 0.241481 -0.752860
v -0.661354 0.241481 -0.661353
v -0.636001 0.152190 -0.488021
v -0.596712 0.032632 -0.457873
v -0.610113 -0.095671 -0.468156
v -0.672613 -0.198338 -0.516114
v -0.767465 -0.247861 -0.588897
v -0.869254 -0.230970 -0.667002
v -0.950706 -0.152190 -0.729502
v -0.989995 -0.032632 -0.759650
v -0.976594 0.095671 -0.749367
v -0.914094 0.198338 -0.701409
v -0.819242 0.247861 -0.628626
v -0.717452 0.230970 -0.550521
v -0.678525 0.125000 -0.391747
v -0.649519 0.000000 -0.375000
v -0.678525 -0.125000 -0.391747
v -0.757772 -0.216506 -0.437500
v -0.866025 -0.250000 -0.500000
v -0.974279 -0.216506 -0.562500
v -1.053525 -0.125000 -0.608253
v -1.082532 -0.000000 -0.625000
v -1.053525 0.125000 -0.608253
v -0.974279 0.216506 -0.562500
v -0.866025 0.250000 -0.500000
v -0.757772 0.216506 -0.437500
v -0.710491 0.095671 -0.294295
v -0.694886 -0.032632 -0.287831
v -0.740639 -0.152190 -0.306783
v -0.835491 -0.230970 -0.346072
v -0.954027 -0.247861 -0.395171
v -1.064485 -0.198338 -0.440924
v -1.137268 -0.095671 -0.471072
v -1.152873 0.032632 -0.477536
v -1.107120 0.152190 -0.458584
v -1.012268 0.230970 -0.419295
v -0.893732 0.247861 -0.370196
v -0.783274 0.198338 -0.324443
v -0.732673 0.064705 -0.196319
v -0.732673 -0.064705 -0.196319
v -0.795173 -0.176777 -0.213066
v -0.903426 -0.241481 -0.242072
v -1.028426 -0.241481 -0.275566
v -1.136679 -0.176777 -0.304572
v -1.199179 -0.064705 -0.321319
v -1.199179 0.064705 -0.321319
v -1.136679 0.176777 -0.304572
v -1.028426 0.241481 -0.275566
v -0.903426 0.241481 -0.242072
v -0.795173 0.176777 -0.213066
v -0.745704 0.032632 -0.098174
v -0.762451 -0.095671 -0.100379
v -0.840557 -0.198338 -0.110661
v -0.959092 -0.247861 -0.126267
v -1.086297 -0.230970 -0.143014
v -1.188086 -0.152190 -0.156415
v -1.237186 -0.032632 -0.162879
v -1.220439 0.095671 -0.160674
v -1.142333 0.198338 -0.150391
v -1.023797 0.247861 -0.134786
v -0.896592 0.230970 -0.118039
v -0.794803 0.152190 -0.104638
v -0.750000 0.000000 -0.000000
v -0.783494 -0.125000 -0.000000
v -0.875000 -0.216506 -0.000000
v -1.000000 -0.250000 -0.000000
v -1.125000 -0.216506 -0.000000
v -1.216506 -0.125000 -0.000000
v -1.250000 -0.000000 -0.000000
v -1.216506 0.125000 -0.000000
v -1.125000 0.216506 -0.000000
v -1.000000 0.250000 -0.000000
v -0.875000 0.216506 -0.000000
v -0.783494 0.125000 -0.000000
v -0.745704 -0.032632 0.098174
v -0.794803 -0.152190 0.104638
v -0.896592 -0.230970 0.118039
v -1.023797 -0.247861 0.134786
v -1.142333 -0.198338 0.150391
v -1.220439 -0.095671 0.160674
v -1.237186 0.032632 0.162879
v -1.188086 0.152190 0.156415
v -1.086297 0.230970 0.143014
v -0.959092 0.247861 0.126267
v -0.840557 0.198338 0.110661
v -0.762451 0.095671 0.100379
v -0.732673 -0.064705 0.196319
v -0.795173 -0.176777 0.213066
v -0.903426 -0.241481 0.242072
v -1.028426 -0.241481 0.275566
v -1.136679 -0.176777 0.304572
v -1.199179 -0.064705 0.321319
v -1.199179 0.064705 0.321319
v -1.136679 0.176777 0.304572
v -1.028426 0.241481 0.275566
v -0.903426 0.241481 0.242072
v -0.795173 0.176777 0.213066
v -0.732673 0.064705 0.196319
v -0.710491 -0.095671 0.294295
v -0.783274 -0.198338 0.324442
v -0.893732 -0.247861 0.370196
v -1.012268 -0.230970 0.419295
v -1.107120 -0.152190 0.458584
v -1.152874 -0.032632 0.477535
v -1.137268 0.095671 0.471071
v -1.064485 0.198338 0.440924
v -0.954027 0.247861 0.395171
v -0.835491 0.230970 0.346071
v -0.740639 0.152190 0.306782
v -0.694886 0.032632 0.287831
v -0.678526 -0.125000 0.391747
v -0.757772 -0.216506 0.437500
v -0.866026 -0.250000 0.500000
v -0.974279 -0.216506 0.562500
v -1.053526 -0.125000 0.608253
v -1.082532 -0.000000 0.625000
v -1.053526 0.125000 0.608253
v -0.974279 0.216506 0.562500
v -0.866026 0.250000 0.500000
v -0.757772 0.216506 0.437500
v -0.678526 0.125000 0.391747
v -0.649519 0.000000 0.375000
v -0.636001 -0.152190 0.488021
v -0.717452 -0.230970 0.550521
v -0.819242 -0.247861 0.628626
v -0.914094 -0.198338 0.701409
v -0.976594 -0.095671 0.749367
v -0.989995 0.032632 0.759650
v -0.950706 0.152190 0.729502
v -0.869254 0.230970 0.667002
v -0.767465 0.247861 0.588897
v -0.672613 0.198338 0.516114
v -0.610113 0.095671 0.468156
v -0.596712 -0.032632 0.457873
v -0.582107 -0.176777 0.582107
v -0.661354 -0.241481 0.661353
v -0.752860 -0.241481 0.752860
v -0.832107 -0.176777 0.832107
v -0.877860 -0.064705 0.877860
v -0.877860 0.064705 0.877860
v -0.832107 0.176777 0.832107
v -0.752860 0.241481 0.752860
v -0.661354 0.241481 0.661353
v -0.582107 0.176777 0.582107
v -0.536354 0.064705 0.536353
v -0.536354 -0.064705 0.536353
v -0.516114 -0.198338 0.672612
v -0.588897 -0.247861 0.767465
v -0.667003 -0.230970 0.869254
v -0.729503 -0.152190 0.950705
v -0.759650 -0.032632 0.989995
v -0.749368 0.095671 0.976594
v -0.701410 0.198338 0.914094
v -0.628627 0.247861 0.819241
v -0.550521 0.230970 0.717452
v -0.488021 0.152190 0.636001
v -0.457873 0.032632 0.596712
v -0.468156 -0.095671 0.610112
v -0.437500 -0.216506 0.757772
v -0.500000 -0.250000 0.866026
v -0.562500 -0.216506 0.974279
v -0.608253 -0.125000 1.053525
v -0.625000 -0.000000 1.082532
v -0.608253 0.125000 1.053525
v -0.562500 0.216506 0.974279
v -0.500000 0.250000 0.866026
v -0.437500 0.216506 0.757772
v -0.391747 0.125000 0.678525
v -0.375000 0.000000 0.649519
v -0.391747 -0.125000 0.678525
v -0.346072 -0.230970 0.835491
v -0.395171 -0.247861 0.954027
v -0.440924 -0.198338 1.064485
v -0.471072 -0.095671 1.137268
v -0.477536 0.032632 1.152874
v -0.458584 0.152190 1.107120
v -0.419295 0.230970 1.012268
v -0.370196 0.247861 0.893732
v -0.324443 0.198338 0.783274
v -0.294295 0.095671 0.710491
v -0.287831 -0.032632 0.694886
v -0.306783 -0.152190 0.740639
v -0.242072 -0.241481 0.903426
v -0.275566 -0.241481 1.028426
v -0.304573 -0.176777 1.136679
v -0.321319 -0.064705 1.199179
v -0.321319 0.064705 1.199179
v -0.304573 0.176777 1.136679
v -0.275566 0.241481 1.028426
v -0.242072 0.241481 0.903426
v -0.213066 0.176777 0.795173
v -0.196319 0.064705 0.732673
v -0.196319 -0.064705 0.732673
v -0.213066 -0.176777 0.795173
v -0.126267 -0.247861 0.959092
v -0.143014 -0.230970 1.086297
v -0.156415 -0.152190 1.188086
v -0.162879 -0.032632 1.237185
v -0.160675 0.095671 1.220439
v -0.150392 0.198338 1.142333
v -0.134786 0.247861 1.023797
v -0.118039 0.230970 0.896592
v -0.104638 0.152190 0.794803
v -0.098174 0.032632 0.745704
v -0.100379 -0.095671 0.762451
v -0.110662 -0.198338 0.840556
v 0.000000 -0.250000 1.000000
v 0.000000 -0.216506 1.125000
v 0.000000 -0.125000 1.216506
v 0.000000 -0.000000 1.250000
v 0.000000 0.125000 1.216506
v 0.000000 0.216506 1.125000
v 0.000000 0.250000 1.000000
v 0.000000 0.216506 0.875000
v 0.000000 0.125000 0.783494
v 0.000000 0.000000 0.750000
v 0.000000 -0.125000 0.783494
v 0.000000 -0.216506 0.875000
v 0.134785 -0.247861 1.023797
v 0.150391 -0.198338 1.142333
v 0.160674 -0.095671 1.220439
v 0.162878 0.032632 1.237186
v 0.156414 0.152190 1.188087
v 0.143014 0.230970 1.086297
v 0.126267 0.247861 0.959092
v 0.110661 0.198338 0.840557
v 0.100378 0.095671 0.762451
v 0.098174 -0.032632 0.745704
v 0.104638 -0.152190 0.794803
v 0.118039 -0.230970 0.896592
v 0.275565 -0.241481 1.028426
v 0.304572 -0.176777 1.136679
v 0.321319 -0.064705 1.199179
v 0.321319 0.064705 1.199179
v 0.304572 0.176777 1.136679
v 0.275565 0.241481 1.028426
v 0.242072 0.241481 0.903426
v 0.213065 0.176777 0.795173
v 0.196319 0.064705 0.732673
v 0.196319 -0.064705 0.732673
v 0.213065 -0.176777 0.795173
v 0.242072 -0.241481 0.903426
v 0.419295 -0.230970 1.012268
v 0.458584 -0.152190 1.107120
v 0.477536 -0.032632 1.152873
v 0.471072 0.095671 1.137268
v 0.440924 0.198338 1.064485
v 0.395171 0.247861 0.954027
v 0.346072 0.230970 0.835491
v 0.306783 0.152190 0.740639
v 0.287831 0.032632 0.694886
v 0.294295 -0.095671 0.710491
v 0.324443 -0.198338 0.783274
v 0.370196 -0.247861 0.893732
v 0.562500 -0.216506 0.974279
v 0.608253 -0.125000 1.053525
v 0.625000 -0.000000 1.082532
v 0.608253 0.125000 1.053525
v 0.562500 0.216506 0.974279
v 0.500000 0.250000 0.866025
v 0.437500 0.216506 0.757772
v 0.391747 0.125000 0.678525
v 0.375000 0.000000 0.649519
v 0.391747 -0.125000 0.678525
v 0.437500 -0.216506 0.757772
v 0.500000 -0.250000 0.866025
v 0.701409 -0.198338 0.914094
v 0.749367 -0.095671 0.976594
v 0.759650 0.032632 0.989995
v 0.729502 0.152190 0.950706
v 0.667002 0.230970 0.869254
v 0.588896 0.247861 0.767465
v 0.516114 0.198338 0.672613
v 0.468156 0.095671 0.610113
v 0.457873 -0.032632 0.596712
v 0.488021 -0.152190 0.636001
v 0.550521 -0.230970 0.717453
v 0.628626 -0.247861 0.819242
v 0.832106 -0.176777 0.832107
v 0.877860 -0.064705 0.877860
v 0.877860 0.064705 0.877860
v 0.832106 0.176777 0.832107
v 0.752860 0.241481 0.752860
v 0.661353 0.241481 0.661354
v 0.582106 0.176777 0.582107
v 0.536353 0.064705 0.536354
v 0.536353 -0.064705 0.536354
v 0.582106 -0.176777 0.582107
v 0.661353 -0.241481 0.661354
v 0.752860 -0.241481 0.752860
v 0.950706 -0.152190 0.729502
v 0.989995 -0.032632 0.759650
v 0.976594 0.095671 0.749367
v 0.914094 0.198338 0.701409
v 0.819242 0.247861 0.628626
v 0.717453 0.230970 0.550521
v 0.636001 0.152190 0.488021
v 0.596712 0.032632 0.457873
v 0.610113 -0.095671 0.468156
v 0.672613 -0.198338 0.516114
v 0.767465 -0.247861 0.588897
v 0.869254 -0.230970 0.667002
v 1.053525 -0.125000 0.608253
v 1.082532 -0.000000 0.625000
v 1.053525 0.125000 0.608253
v 0.974279 0.216506 0.562500
v 0.866025 0.250000 0.500000
v 0.757772 0.216506 0.437500
v 0.678525 0.125000 0.391747
v 0.649519 0.000000 0.375000
v 0.678525 -0.125000 0.391747
v 0.757772 -0.216506 0.437500
v 0.866025 -0.250000 0.500000
v 0.974279 -0.216506 0.562500
v 1.137268 -0.095671 0.471072
v 1.152873 0.032632 0.477536
v 1.107120 0.152190 0.458585
v 1.012268 0.230970 0.419295
v 0.893732 0.247861 0.370196
v 0.783274 0.198338 0.324443
v 0.710491 0.095671 0.294295
v 0.694886 -0.032632 0.287831
v 0.740639 -0.152190 0.306783
v 0.835491 -0.230970 0.346072
v 0.954027 -0.247861 0.395171
v 1.064485 -0.198338 0.440925
v 1.199179 -0.064705 0.321319
v 1.199179 0.064705 0.321319
v 1.136679 0.176777 0.304572
v 1.028426 0.241481 0.275566
v 0.903426 0.241481 0.242072
v 0.795173 0.176777 0.213066
v 0.732673 0.064705 0.196319
v 0.732673 -0.064705 0.196319
v 0.795173 -0.176777 0.213066
v 0.903426 -0.241481 0.242072
v 1.028426 -0.241481 0.275566
v 1.136679 -0.176777 0.304572
v 1.237186 -0.032632 0.162879
v 1.220439 0.095671 0.160674
v 1.142333 0.198338 0.150391
v 1.023797 0.247861 0.134785
v 0.896592 0.230970 0.118039
v 0.794803 0.152190 0.104638
v 0.745704 0.032632 0.098174
v 0.762451 -0.095671 0.100379
v 0.840557 -0.198338 0.110661
v 0.959092 -0.247861 0.126267
v 1.086297 -0.230970 0.143014
v 1.188086 -0.152190 0.156415
usemtl None
s 1
f 13 1 12
f 1 13 14
f 2 14 15
f 3 15 16
f 4 16 17
f 5 17 18
f 6 18 19
f 7 19 20
f 8 20 21
f 9 21 22
f 10 22 23
f 11 23 24
f 25 13 24
f 13 25 26
f 14 26 27
f 15 27 28
f 16 28 29
f 17 29 30
f 18 30 31
f 19 31 32
f 20 32 33
f 21 33 34
f 22 34 35
f 23 35 36
f 37 25 36
f 25 37 38
f 26 38 39
f 27 39 40
f 28 40 41
f 29 41 42
f 30 42 43
f 31 43 44
f 32 44 45
f 33 45 46
f 34 46 47
f 35 47 48
f 49 37 48
f 37 49 50
f 38 50 51
f 39 51 52
f 40 52 53
f 41 53 54
f 42 54 55
f 43 55 56
f 44 56 57
f 45 57 58
f 46 58 59
f 47 59 60
f 61 49 60
f 49 61 62
f 50 62 63
f 51 63 64
f 52 64 65
f 53 65 66
f 54 66 67
f 55 67 68
f 56 68 69
f 57 69 70
f 58 70 71
f 59 71 72
f 73 61 72
f 61 73 74
f 62 74 75
f 63 75 76
f 64 76 77
f 65 77 78
f 66 78 79
f 67 79 80
f 68 80 81
f 69 81 82
f 70 82 83
f 71 83 84
f 85 73 84
f 73 85 86
f 74 86 87
f 75 87 88
f 76 88 89
f 77 89 90
f 78 90 91
f 79 91 92
f 80 92 93
f 81 93 94
f 82 94 95
f 83 95 96
f 97 85 96
f 85 97 98
f 86 98 99
f 87 99 100
f 88 100 101
f 89 101 102
f 90 102 103
f 91 103 104
f 92 104 105
f 93 105 106
f 94 106 107
f 95 107 108
f 109 97 108
f 97 109 110
f 98 110 111
f 99 111 112
f 100 112 113
f 101 113 114
f 102 114 115
f 103 115 116
f 104 116 117
f 105 117 118
f 106 118 119
f 107 119 120
f 121 109 120
f 109 121 122
f 110 122 123
f 111 123 124
f 112 124 125
f 113 125 126
f 114 126 127
f 115 127 128
f 116 128 129
f 117 129 130
f 118 130 131
f 119 131 132
f 133 121 132
f 121 133 134
f 122 134 135
f 123 135 136
f 124 136 137
f 125 137 138
f 126 138 139
f 127 139 140
f 128 140 141
f 129 141 142
f 130 142 143
f 131 143 144
f 145 133 144
f 133 145 146
f 134 146 147
f 135 147 148
f 136 148 149
f 137 149 150
f 138 150 151
f 139 151 152
f 140 152 153
f 141 153 154
f 142 154 155
f 143 155 156
f 157 145 156
f 145 157 158
f 146 158 159
f 147 159 160
f 148 160 161
f 149 161 162
f 150 162 163
f 151 163 164
f 152 164 165
f 153 165 166
f 154 166 167
f 155 167 168
f 169 157 168
f 157 169 170
f 158 170 171
f 159 171 172
f 160 172 173
f 161 173 174
f 162 174 175
f 163 175 176
f 164 176 177
f 165 177 178
f 166 178 179
f 167 179 180
f 181 169 180
f 169 181 182
f 170 182 183
f 171 183 184
f 172 184 185
f 173 185 186
f 174 186 187
f 175 187 188
f 176 188 189
f 177 189 190
f 178 190 191
f 179 191 192
f 193 181 192
f 181 193 194
f 182 194 195
f 183 195 196
f 184 196 197
f 185 197 198
f 186 198 199
f 187 199 200
f 188 200 201
f 189 201 202
f 190 202 203
f 191 203 204
f 205 193 204
f 193 205 206
f 194 206 207
f 195 207 208
f 196 208 209
f 197 209 210
f 198 210 211
f 199 211 212
f 200 212 213
f 201 213 214
f 202 214 215
f 203 215 216
f 217 205 216
f 205 217 218
f 206 218 219
f 207 219 220
f 208 220 221
f 209 221 222
f 210 222 223
f 211 223 224
f 212 224 225
f 213 225 226
f 214 226 227
f 215 227 228
f 229 217 228
f 217 229 230
f 218 230 231
f 219 231 232
f 220 232 233
f 221 233 234
f 222 234 235
f 223 235 236
f 224 236 237
f 225 237 238
f 226 238 239
f 227 239 240
f 241 229 240
f 229 241 242
f 230 242 243
f 231 243 244
f 232 244 245
f 233 245 246
f 234 246 247
f 235 247 248
f 236 248 249
f 237 249 250
f 238 250 251
f 239 251 252
f 253 241 252
f 241 253 254
f 242 254 255
f 243 255 256
f 244 256 257
f 245 257 258
f 246 258 259
f 247 259 260
f 248 260 261
f 249 261 262
f 250 262 263
f 251 263 264
f 265 253 264
f 253 265 266
f 254 266 267
f 255 267 268
f 256 268 269
f 257 269 270
f 258 270 271
f 259 271 272
f 260 272 273
f 261 273 274
f 262 274 275
f 263 275 276
f 277 265 276
f 265 277 278
f 266 278 279
f 267 279 280
f 268 280 281
f 269 281 282
f 270 282 283
f 271 283 284
f 272 284 285
f 273 285 286
f 274 286 287
f 275 287 288
f 289 277 288
f 277 289 290
f 278 290 291
f 279 291 292
f 280 292 293
f 281 293 294
f 282 294 295
f 283 295 296
f 284 296 297
f 285 297 298
f 286 298 299
f 287 299 300
f 301 289 300
f 289 301 302
f 290 302 303
f 291 303 304
f 292 304 305
f 293 305 306
f 294 306 307
f 295 307 308
f 296 308 309
f 297 309 310
f 298 310 311
f 299 311 312
f 313 301 312
f 301 313 314
f 302 314 315
f 303 315 316
f 304 316 317
f 305 317 318
f 306 318 319
f 307 319 320
f 308 320 321
f 309 321 322
f 310 322 323
f 311 323 324
f 325 313 324
f 313 325 326
f 314 326 327
f 315 327 328
f 316 328 329
f 317 329 330
f 318 330 331
f 319 331 332
f 320 332 333
f 321 333 334
f 322 334 335
f 323 335 336
f 337 325 336
f 325 337 338
f 326 338 339
f 327 339 340
f 328 340 341
f 329 341 342
f 330 342 343
f 331 343 344
f 332 344 345
f 333 345 346
f 334 346 347
f 335 347 348
f 349 337 348
f 337 349 350
f 338 350 351
f 339 351 352
f 340 352 353
f 341 353 354
f 342 354 355
f 343 355 356
f 344 356 357
f 345 357 358
f 346 358 359
f 347 359 360
f 361 349 360
f 349 361 362
f 350 362 363
f 351 363 364
f 352 364 365
f 353 365 366
f 354 366 367
f 355 367 368
f 356 368 369
f 357 369 370
f 358 370 371
f 359 371 372
f 373 361 372
f 361 373 374
f 362 374 375
f 363 375 376
f 364 376 377
f 365 377 378
f 366 378 379
f 367 379 380
f 368 380 381
f 369 381 382
f 370 382 383
f 371 383 384
f 385 373 384
f 373 385 386
f 374 386 387
f 375 387 388
f 376 388 389
f 377 389 390
f 378 390 391
f 379 391 392
f 380 392 393
f 381 393 394
f 382 394 395
f 383 395 396
f 397 385 396
f 385 397 398
f 386 398 399
f 387 399 400
f 388 400 401
f 389 401 402
f 390 402 403
f 391 403 404
f 392 404 405
f 393 405 406
f 394 406 407
f 395 407 408
f 409 397 408
f 397 409 410
f 398 410 411
f 399 411 412
f 400 412 413
f 401 413 414
f 402 414 415
f 403 415 416
f 404 416 417
f 405 417 418
f 406 418 419
f 407 419 420
f 421 409 420
f 409 421 422
f 410 422 423
f 411 423 424
f 412 424 425
f 413 425 426
f 414 426 427
f 415 427 428
f 416 428 429
f 417 429 430
f 418 430 431
f 419 431 432
f 433 421 432
f 421 433 434
f 422 434 435
f 423 435 436
f 424 436 437
f 425 437 438
f 426 438 439
f 427 439 440
f 428 440 441
f 429 441 442
f 430 442 443
f 431 443 444
f 445 433 444
f 433 445 446
f 434 446 447
f 435 447 448
f 436 448 449
f 437 449 450
f 438 450 451
f 439 451 452
f 440 452 453
f 441 453 454
f 442 454 455
f 443 455 456
f 457 445 456
f 445 457 458
f 446 458 459
f 447 459 460
f 448 460 461
f 449 461 462
f 450 462 463
f 451 463 464
f 452 464 465
f 453 465 466
f 454 466 467
f 455 467 468
f 469 457 468
f 457 469 470
f 458 470 471
f 459 471 472
f 460 472 473
f 461 473 474
f 462 474 475
f 463 475 476
f 464 476 477
f 465 477 478
f 466 478 479
f 467 479 480
f 481 469 480
f 469 481 482
f 470 482 483
f 471 483 484
f 472 484 485
f 473 485 486
f 474 486 487
f 475 487 488
f 476 488 489
f 477 489 490
f 478 490 491
f 479 491 492
f 493 481 492
f 481 493 494
f 482 494 495
f 483 495 496
f 484 496 497
f 485 497 498
f 486 498 499
f 487 499 500
f 488 500 501
f 489 501 502
f 490 502 503
f 491 503 504
f 505 493 504
f 493 505 506
f 494 506 507
f 495 507 508
f 496 508 509
f 497 509 510
f 498 510 511
f 499 511 512
f 500 512 513
f 501 513 514
f 502 514 515
f 503 515 516
f 517 505 516
f 505 517 518
f 506 518 519
f 507 519 520
f 508 520 521
f 509 521 522
f 510 522 523
f 511 523 524
f 512 524 525
f 513 525 526
f 514 526 527
f 515 527 528
f 529 517 528
f 517 529 530
f 518 530 531
f 519 531 532
f 520 532 533
f 521 533 534
f 522 534 535
f 523 535 536
f 524 536 537
f 525 537 538
f 526 538 539
f 527 539 540
f 541 529 540
f 529 541 542
f 530 542 543
f 531 543 544
f 532 544 545
f 533 545 546
f 534 546 547
f 535 547 548
f 536 548 549
f 537 549 550
f 538 550 551
f 539 551 552
f 553 541 552
f 541 553 554
f 542 554 555
f 543 555 556
f 544 556 557
f 545 557 558
f 546 558 559
f 547 559 560
f 548 560 561
f 549 561 562
f 550 562 563
f 551 563 564
f 565 553 564
f 553 565 566
f 554 566 567
f 555 567 568
f 556 568 569
f 557 569 570
f 558 570 571
f 559 571 572
f 560 572 573
f 561 573 574
f 562 574 575
f 563 575 576
f 1 565 576
f 565 1 2
f 566 2 3
f 567 3 4
f 568 4 5
f 569 5 6
f 570 6 7
f 571 7 8
f 572 8 9
f 573 9 10
f 574 10 11
f 575 11 12
f 24 13 12
f 2 1 14
f 3 2 15
f 4 3 16
f 5 4 17
f 6 5 18
f 7 6 19
f 8 7 20
f 9 8 21
f 10 9 22
f 11 10 23
f 12 11 24
f 36 25 24
f 14 13 26
f 15 14 27
f 16 15 28
f 17 16 29
f 18 17 30
f 19 18 31
f 20 19 32
f 21 20 33
f 22 21 34
f 23 22 35
f 24 23 36
f 48 37 36
f 26 25 38
f 27 26 39
f 28 27 40
f 29 28 41
f 30 29 42
f 31 30 43
f 32 31 44
f 33 32 45
f 34 33 46
f 35 34 47
f 36 35 48
f 60 49 48
f 38 37 50
f 39 38 51
f 40 39 52
f 41 40 53
f 42 41 54
f 43 42 55
f 44 43 56
f 45 44 57
f 46 45 58
f 47 46 59
f 48 47 60
f 72 61 60
f 50 49 62
f 51 50 63
f 52 51 64
f 53 52 65
f 54 53 66
f 55 54 67
f 56 55 68
f 57 56 69
f 58 57 70
f 59 58 71
f 60 59 72
f 84 73 72
f 62 61 74
f 63 62 75
f 64 63 76
f 65 64 77
f 66 65 78
f 67 66 79
f 68 67 80
f 69 68 81
f 70 69 82
f 71 70 83
f 72 71 84
f 96 85 84
f 74 73 86
f 75 74 87
f 76 75 88
f 77 76 89
f 78 77 90
f 79 78 91
f 80 79 92
f 81 80 93
f 82 81 94
f 83 82 95
f 84 83 96
f 108 97 96
f 86 85 98
f 87 86 99
f 88 87 100
f 89 88 101
f 90 89 102
f 91 90 103
f 92 91 104
f 93 92 105
f 94 93 106
f 95 94 107
f 96 95 108
f 120 109 108
f 98 97 110
f 99 98 111
f 100 99 112
f 101 100 113
f 102 101 114
f 103 102 115
f 104 103 116
f 105 104 117
f 106 105 118
f 107 106 119
f 108 107 120
f 132 121 120
f 110 109 122
f 111 110 123
f 112 111 124
f 113 112 125
f 114 113 126
f 115 114 127
f 116 115 128
f 117 116 129
f 118 117 130
f 119 118 131
f 120 119 132
f 144 133 132
f 122 121 134
f 123 122 135
f 124 123 136
f 125 124 137
f 126 125 138
f 127 126 139
f 128 127 140
f 129 128 141
f 130 129 142
f 131 130 143
f 132 131 144
f 156 145 144
f 134 133 146
f 135 134 147
f 136 135 148
f 137 136 149
f 138 137 150
f 139 138 151
f 140 139 152
f 141 140 153
f 142 141 154
f 143 142 155
f 144 143 156
f 168 157 156
f 146 145 158
f 147 146 159
f 148 147 160
f 149 148 161
f 150 149 162
f 151 150 163
f 152 151 164
f 153 152 165
f 154 153 166
f 155 154 167
f 156 155 168
f 180 169 168
f 158 157 170
f 159 158 171
f 160 159 172
f 161 160 173
f 162 161 174
f 163 162 175
f 164 163 176
f 165 164 177
f 166 165 178
f 167 166 179
f 168 167 180
f 192 181 180
f 170 169 182
f 171 170 183
f 172 171 184
f 173 172 185
f 174 173 186
f 175 174 187
f 176 175 188
f 177 176 189
f 178 177 190
f 179 178 191
f 180 179 192
f 204 193 192
f 182 181 194
f 183 182 195
f 184 183 196
f 185 184 197
f 186 185 198
f 187 186 199
f 188 187 200
f 189 188 201
f 190 189 202
f 191 190 203
f 192 191 204
f 216 205 204
f 194 193 206
f 195 194 207
f 196 195 208
f 197 196 209
f 198 197 210
f 199 198 211
f 200 199 212
f 201 200 213
f 202 201 214
f 203 202 215
f 204 203 216
f 228 217 216
f 206 205 218
f 207 206 219
f 208 207 220
f 209 208 221
f 210 209 222
f 211 210 223
f 212 211 224
f 213 212 225
f 214 213 226
f 215 214 227
f 216 215 228
f 240 229 228
f 218 217 230
f 219 218 231
f 220 219 232
f 221 220 233
f 222 221 234
f 223 222 235
f 224 223 236
f 225 224 237
f 226 225 238
f 227 226 239
f 228 227 240
f 252 241 240
f 230 229 242
f 231 230 243
f 232 231 244
f 233 232 245
f 234 233 246
f 235 234 247
f 236 235 248
f 237 236 249
f 238 237 250
f 239 238 251
f 240 239 252
f 264 253 252
f 242 241 254
f 243 242 255
f 244 243 256
f 245 244 257
f 246 245 258
f 247 246 259
f 248 247 260
f 249 248 261
f 250 249 262
f 251 250 263
f 252 251 264
f 276 265 264
f 254 253 266
f 255 254 267
f 256 255 268
f 257 256 269
f 258 257 270
f 259 258 271
f 260 259 272
f 261 260 273
f 262 261 274
f 263 262 275
f 264 263 276
f 288 277 276
f 266 265 278
f 267 266 279
f 268 267 280
f 269 268 281
f 270 269 282
f 271 270 283
f 272 271 284
f 273 272 285
f 274 273 286
f 275 274 287
f 276 275 288
f 300 289 288
f 278 277 290
f 279 278 291
f 280 279 292
f 281 280 293
f 282 281 294
f 283 282 295
f 284 283 296
f 285 284 297
f 286 285 298
f 287 286 299
f 288 287 300
f 312 301 300
f 290 289 302
f 291 290 303
f 292 291 304
f 293 292 305
f 294 293 306
f 295 294 307
f 296 295 308
f 297 296 309
f 298 297 310
f 299 298 311
f 300 299 312
f 324 313 312
f 302 301 314
f 303 302 315
f 304 303 316
f 305 304 317
f 306 305 318
f 307 306 319
f 308 307 320
f 309 308 321
f 310 309 322
f 311 310 323
f 312 311 324
f 336 325 324
f 314 313 326
f 315 314 327
f 316 315 328
f 317 316 329
f 318 317 330
f 319 318 331
f 320 319 332
f 321 320 333
f 322 321 334
f 323 322 335
f 324 323 336
f 348 337 336
f 326 325 338
f 327 326 339
f 328 327 340
f 329 328 341
f 330 329 342
f 331 330 343
f 332 331 344
f 333 332 345
f 334 333 346
f 335 334 347
f 336 335 348
f 360 349 348
f 338 337 350
f 339 338 351
f 340 339 352
f 341 340 353
f 342 341 354
f 343 342 355
f 344 343 356
f 345 344 357
f 346 345 358
f 347 346 359
f 348 347 360
f 372 361 360
f 350 349 362
f 351 350 363
f 352 351 364
f 353 352 365
f 354 353 366
f 355 354 367
f 356 355 368
f 357 356 369
f 358 357 370
f 359 358 371
f 360 359 372
f 384 373 372
f 362 361 374
f 363 362 375
f 364 363 376
f 365 364 377
f 366 365 378
f 367 366 379
f 368 367 380
f 369 368 381
f 370 369 382
f 371 370 383
f 372 371 384
f 396 385 384
f 374 373 386
f 375 374 387
f 376 375 388
f 377 376 389
f 378 377 390
f 379 378 391
f 380 379 392
f 381 380 393
f 382 381 394
f 383 382 395
f 384 383 396
f 408 397 396
f 386 385 398
f 387 386 399
f 388 387 400
f 389 388 401
f 390 389 402
f 391 390 403
f 392 391 404
f 393 392 405
f 394 393 406
f 395 394 407
f 396 395 408
f 420 409 408
f 398 397 410
f 399 398 411
f 400 399 412
f 401 400 413
f 402 401 414
f 403 402 415
f 404 403 416
f 405 404 417
f 406 405 418
f 407 406 419
f 408 407 420
f 432 421 420
f 410 409 422
f 411 410 423
f 412 411 424
f 413 412 425
f 414 413 426
f 415 414 427
f 416 415 428
f 417 416 429
f 418 417 430
f 419 418 431
f 420 419 432
f 444 433 432
f 422 421 434
f 423 422 435
f 424 423 436
f 425 424 437
f 426 425 438
f 427 426 439
f 428 427 440
f 429 428 441
f 430 429 442
f 431 430 443
f 432 431 444
f 456 445 444
f 434 433 446
f 435 434 447
f 436 435 448
f 437 436 449
f 438 437 450
f 439 438 451
f 440 439 452
f 441 440 453
f 442 441 454
f 443 442 455
f 444 443 456
f 468 457 456
f 446 445 458
f 447 446 459
f 448 447 460
f 449 448 461
f 450 449 462
f 451 450 463
f 452 451 464
f 453 452 465
f 454 453 466
f 455 454 467
f 456 455 468
f 480 469 468
f 458 457 470
f 459 458 471
f 460 459 472
f 461 460 473
f 462 461 474
f 463 462 475
f 464 463 476
f 465 464 477
f 466 465 478
f 467 466 479
f 468 467 480
f 492 481 480
f 470 469 482
f 471 470 483
f 472 471 484
f 473 472 485
f 474 473 486
f 475 474 487
f 476 475 488
f 477 476 489
f 478 477 490
f 479 478 491
f 480 479 492
f 504 493 492
f 482 481 494
f 483 482 495
f 484 483 496
f 485 484 497
f 486 485 498
f 487 486 499
f 488 487 500
f 489 488 501
f 490 489 502
f 491 490 503
f 492 491 504
f 516 505 504
f 494 493 506
f 495 494 507
f 496 495 508
f 497 496 509
f 498 497 510
f 499 498 511
f 500 499 512
f 501 500 513
f 502 501 514
f 503 502 515
f 504 503 516
f 528 517 516
f 506 505 518
f 507 506 519
f 508 507 520
f 509 508 521
f 510 509 522
f 511 510 523
f 512 511 524
f 513 512 525
f 514 513 526
f 515 514 527
f 516 515 528
f 540 529 528
f 518 517 530
f 519 518 531
f 520 519 532
f 521 520 533
f 522 521 534
f 523 522 535
f 524 523 536
f 525 524 537
f 526 525 538
f 527 526 539
f 528 527 540
f 552 541 540
f 530 529 542
f 531 530 543
f 532 531 544
f 533 532 545
f 534 533 546
f 535 534 547
f 536 535 548
f 537 536 549
f 538 537 550
f 539 538 551
f 540 539 552
f 564 553 552
f 542 541 554
f 543 542 555
f 544 543 556
f 545 544 557
f 546 545 558
f 547 546 559
f 548 547 560
f 549 548 561
f 550 549 562
f 551 550 563
f 552 551 564
f 576 565 564
f 554 553 566
f 555 554 567
f 556 555 568
f 557 556 569
f 558 557 570
f 559 558 571
f 560 559 572
f 561 560 573
f 562 561 574
f 563 562 575
f 564 563 576
f 12 1 576
f 566 565 2
f 567 566 3
f 568 567 4
f 569 568 5
f 570 569 6
f 571 570 7
f 572 571 8
f 573 572 9
f 574 573 10
f 575 574 11
f 576 575 12
